1 0 0 0
2 0.109224 -0.0132751 -0.000144124
3 0.255076 0.0858967 -0.000115047
4 -0.234129 -0.0729371 0.000238745
5 -0.312118 -0.0549834 0.000113008
6 -0.298195 0.0160665 0.000176887
7 -0.369564 -0.0721059 0.000192736
8 -0.37004 0.0379256 0.00025536
9 -0.359438 0.0879466 0.000286338
10 -0.370649 0.0500422 0.00027084
11 -0.366006 0.0361769 0.000289369
12 -0.333566 0.0402903 0.000275784
13 -0.306895 0.103715 0.000165887
14 -0.27109 0.0994301 0.000137886
15 -0.204949 0.0296264 0.000200968
16 -0.23216 -0.00550952 7.04481e-05
17 -0.14866 0.0777731 8.44766e-05
18 -0.187725 -0.00905054 7.06908e-05
19 -0.210988 0.0138134 5.66369e-05
20 -0.177969 0.0273928 0.000125418
21 -0.193868 0.0602894 9.23013e-05
22 -0.151992 0.0707801 0.000106562
23 -0.125719 0.0953361 9.96691e-05
24 -0.0984039 0.109033 7.12801e-05
25 -0.098103 0.04273 4.7484e-05
26 -0.132795 -0.024241 -1.62721e-05
27 -0.109672 0.00295679 -4.05317e-05
28 -0.115033 -0.0633564 -9.92381e-05
29 -0.170242 -0.0602718 -0.000107956
30 -0.187412 -0.0985228 -6.72078e-05
31 -0.228513 -0.0459488 -0.000132551
32 -0.251243 -0.0534842 -0.000160388
33 -0.273235 -0.0667546 -0.000159548
34 -0.278542 -0.0494614 -0.000167095
35 -0.20591 0.0107767 -0.000132658
36 -0.175703 -0.0381512 -0.000130484
37 -0.124273 -0.0660056 -9.52726e-05
38 -0.151428 -0.0944366 -0.000122155
39 -0.143865 -0.0919475 -0.000164599
40 -0.0762944 -0.0795272 -6.49975e-05
41 -0.0225823 -0.0460934 -2.02885e-05
42 -0.0476597 0.00819419 -7.86066e-05
43 -0.0409518 0.0168989 -0.000110387
44 -0.0755452 -0.0465701 -8.19854e-05
45 -0.0437363 -0.00239077 -2.75016e-05
46 -0.0594793 0.0728934 -9.3894e-05
47 0.0082519 0.0334147 -1.92198e-05
48 -0.0227184 0.009514 -4.27848e-05
49 -0.0221918 0.0468186 -1.84454e-05
50 -0.0369773 0.0526424 -9.58128e-06
51 0.0892144 -0.108261 -0.000553866
52 0.097344 -0.0808908 -0.000390109
53 0.135469 -0.0446315 -0.000283385
54 0.171583 -0.000944437 -0.000160204
55 0.134645 0.0313948 -0.000212331
56 0.213773 0.0246514 -4.1407e-05
57 0.16291 0.0160024 -7.84059e-05
58 0.162281 0.00708415 1.21143e-05
59 0.150988 0.0398049 2.84143e-05
60 0.13297 -0.0280794 0.000127996
61 0.13407 -0.00693512 0.000106364
62 0.175853 0.00175975 0.000155001
63 0.146862 -0.00383749 0.000120627
64 0.100602 0.00324996 2.39086e-06
65 0.0881029 -0.0226919 -3.71956e-05
66 0.135303 -0.0561143 4.09135e-05
67 0.144012 -0.0485157 3.14483e-05
68 0.152022 -0.0129508 6.22705e-05
69 0.124167 -0.0671066 7.58136e-05
70 0.149179 -0.0839597 0.000123845
71 0.113998 -0.102442 2.56123e-05
72 0.10768 -0.134456 4.39082e-05
73 0.0904265 -0.0811081 3.70267e-05
74 0.0573631 -0.0856329 -9.14605e-06
75 0.0344781 -0.0775613 7.28965e-05
76 0.0144905 -0.0301392 8.11895e-05
77 0.0591159 0.0128132 0.000164073
78 0.0290874 0.0377294 0.000168334
79 0.00235802 0.0555283 0.000142284
80 -0.0239045 0.0745516 1.22526e-05
81 -0.0152323 -0.0171773 1.6371e-05
82 -0.0308307 -0.0479455 -2.01819e-05
83 -0.072378 0.0105888 -0.000137932
84 -0.0105785 -0.00775545 -0.000100205
85 -0.071149 0.0038278 -0.000188768
86 -0.00662763 0.0154685 -0.000159075
87 -0.012483 0.0291619 -0.000242841
88 0.0369867 -0.0310099 -0.00014858
89 0.041348 -0.0801459 -0.000137144
90 0.0835777 -0.0601176 -0.000139178
91 0.106115 -0.115983 -0.000144695
92 0.166303 -0.13682 -0.000247083
93 0.266206 -0.1478 -0.000269419
94 0.421485 -0.190148 -0.00025649
95 0.528668 -0.131982 -0.00038884
96 0.678263 -0.00520776 -0.000544108
97 0.887376 0.117054 -0.000618747
98 1.01886 0.418304 -0.000932178
99 1.33729 0.666508 -0.000733268
100 1.74651 0.961076 -0.000518678
101 1.93573 1.38458 -0.000560842
102 2.28346 1.78937 -0.000165709
103 2.45413 2.21079 -0.000228133
104 2.87454 2.8486 -4.36518e-05
105 3.34897 3.43369 0.000112123
106 3.87745 4.03029 0.000327321
107 4.32619 5.04955 0.000318215
108 4.98043 5.90697 0.00020918
109 6.10487 6.55929 0.000882872
110 6.93969 7.35007 0.000966492
111 7.70153 8.05486 0.000577175
112 8.4793 8.52537 0.000755698
113 9.53698 8.99668 0.00100341
114 10.8254 9.2218 0.00186764
115 11.7443 9.07477 0.0027069
116 12.0532 8.85298 0.0031522
117 11.9895 8.42905 0.0035773
118 11.0979 7.8744 0.00349849
119 9.81986 7.25376 0.00328758
120 7.98665 6.35429 0.00292648
121 5.79993 5.14887 0.0024976
122 3.19394 3.87267 0.0015125
123 -0.0640003 2.62005 -0.000127034
124 -2.3158 0.92796 -1.29715e-05
125 -4.98728 -0.041462 -0.00152191
126 -6.72449 -1.6536 -0.00138518
127 -8.12554 -2.75939 -0.00144654
128 -9.10895 -3.53426 -0.00198213
129 -9.8708 -4.4878 -0.00230175
130 -10.4182 -5.30214 -0.00270549
131 -10.5733 -5.95606 -0.00329746
132 -10.6136 -6.66651 -0.00373539
133 -10.0034 -6.65305 -0.00398145
134 -9.30629 -6.74577 -0.00393979
135 -8.67905 -6.70934 -0.00403122
136 -8.10348 -6.74301 -0.0038515
137 -7.43511 -6.49029 -0.0038585
138 -6.84954 -6.09911 -0.0036875
139 -6.29417 -5.67358 -0.00337418
140 -5.77492 -5.0936 -0.00288669
141 -5.23721 -4.31104 -0.00240049
142 -4.73144 -3.56764 -0.00194638
143 -4.24303 -2.87954 -0.00155916
144 -3.82016 -2.17797 -0.0013066
145 -3.36562 -1.56349 -0.000832774
146 -2.99835 -0.998826 -0.000468329
147 -2.53367 -0.588889 0.000134772
148 -2.16352 -0.0855675 0.000658504
149 -1.70689 0.375418 0.00142734
150 -1.22373 0.975773 0.00244113
151 -0.878619 1.4908 0.00321581
152 -0.505264 2.0066 0.00433775
153 -0.0488959 2.68419 0.00516558
154 0.560385 3.36744 0.00659783
155 0.97153 4.06491 0.0077231
156 1.1999 4.70479 0.00838799
157 1.63789 5.16198 0.00944516
158 1.88355 5.74037 0.00984241
159 1.84519 5.98955 0.0096194
160 1.8216 6.24833 0.00947484
161 1.30185 6.11372 0.00811256
162 0.463156 5.99699 0.0076007
163 -0.671616 9.01646 0.00603412
164 -0.0412249 12.2912 0.000722317
165 4.67695 7.89863 0.00106128
166 7.01528 1.64606 0.000117517
167 7.19323 -4.40452 -4.21398e-05
168 12.5108 -9.26964 0.00468121
169 22.7763 -13.1155 0.0154376
170 33.2892 -18.9667 0.0292119
171 42.5827 -23.8119 0.0441953
172 45.8922 -25.4489 0.0526966
173 43.558 -24.6888 0.0542936
174 40.5292 -23.5062 0.0542606
175 39.0615 -22.2844 0.0513241
176 43.7223 -28.5057 0.0601745
177 47.0027 -33.8247 0.0670908
178 50.1089 -36.7701 0.0713028
179 50.4076 -41.1222 0.0724142
180 50.443 -42.9716 0.072079
181 50.2163 -41.4551 0.0731894
182 52.4114 -38.5223 0.076361
183 52.9786 -35.7682 0.0745062
184 53.2928 -36.1451 0.0762182
185 54.4851 -35.4573 0.0782016
186 55.2326 -34.7622 0.0783183
187 55.3063 -34.3475 0.077741
188 55.1246 -33.1168 0.07817
189 54.8171 -31.3273 0.0770965
190 55.7222 -29.8285 0.0779885
191 57.0092 -29.3772 0.0786555
192 58.0214 -29.0885 0.0801575
193 59.7469 -28.3633 0.0817157
194 61.2106 -28.3459 0.0836802
195 62.0226 -28.1777 0.084828
196 62.0963 -27.0541 0.0839733
197 61.6345 -26.9973 0.082901
198 60.1986 -26.3601 0.080738
199 59.7064 -25.1684 0.078834
200 58.3722 -24.4363 0.0759522
201 57.1264 -23.9694 0.0735153
202 55.0731 -23.8574 0.0700401
203 53.2994 -23.1195 0.0667126
204 50.0558 -21.7815 0.061761
205 45.6733 -19.3885 0.0547315
206 39.0462 -16.8578 0.0457081
207 30.9646 -14.2201 0.0351348
208 21.7238 -11.6148 0.0235744
209 12.8034 -8.66557 0.0105736
210 4.90694 -5.33349 -0.00138433
211 -2.71301 -1.08904 -0.0133284
212 -7.46024 4.02768 -0.0225129
213 -13.6249 8.68358 -0.0325431
214 -20.1518 14.8223 -0.0422102
215 -27.0244 22.639 -0.0523428
216 -33.089 31.0254 -0.0615112
217 -38.5288 39.619 -0.0695501
218 -43.8151 46.9914 -0.0791744
219 -45.654 51.0909 -0.0856365
220 -46.8593 50.9097 -0.0902044
221 -49.0374 48.5215 -0.0927985
222 -53.8727 45.1857 -0.0993575
223 -58.6047 40.9604 -0.104763
224 -65.3197 36.7896 -0.109999
225 -73.6316 34.3221 -0.114139
226 -83.9755 35.7268 -0.121145
227 -90.0237 38.3154 -0.123692
228 -91.2344 40.4062 -0.122715
229 -85.8935 39.5269 -0.118145
230 -77.9389 34.9188 -0.109802
231 -69.1918 30.446 -0.0999819
232 -60.5102 26.547 -0.0899427
233 -54.1385 23.249 -0.0810929
234 -49.2555 21.6243 -0.0739876
235 -45.4853 20.7934 -0.0680777
236 -40.6173 20.4322 -0.0640459
237 -33.3538 14.1127 -0.0531436
238 -28.3327 10.918 -0.0459418
239 -24.7633 8.1408 -0.0392077
240 -22.2169 7.00013 -0.0347677
241 -19.2726 4.99665 -0.0299226
242 -17.5883 2.41608 -0.0253183
243 -16.2244 0.888497 -0.0218303
244 -15.4052 -0.884783 -0.0187953
245 -14.935 -2.82314 -0.0160002
246 -14.4158 -4.26122 -0.0134577
247 -14.4014 -5.74966 -0.0111621
248 -14.5784 -8.12716 -0.00895064
249 -14.5789 -9.43649 -0.00807461
250 -14.4849 -10.8776 -0.00658239
251 -15.5528 -11.4572 -0.00511334
252 -17.7486 -9.71766 -0.00432536
253 -17.4655 -6.54433 -0.0050842
254 -15.5794 -5.49818 -0.00442398
255 -13.8797 -5.10422 -0.00336438
256 -12.5314 -4.6683 -0.00287763
257 -11.23 -3.44399 -0.00131101
258 -10.6011 -1.23979 -0.000574559
259 -10.4645 0.940934 -0.000820299
260 -8.83819 3.93111 -0.000176676
261 -6.45452 5.18107 -0.000291426
262 -5.93475 4.49935 3.21523e-05
263 -5.20987 5.00026 0.000132501
264 -4.18016 5.82058 0.000565056
265 -3.83974 6.09438 0.000866771
266 -3.5014 5.76711 0.000628866
267 -3.14685 4.55539 6.59534e-05
268 -2.78058 2.57938 0.000183895
269 -2.24686 -0.393206 0.000560303
270 -2.20545 -1.39634 0.00116358
271 -2.45623 -0.649347 0.000308788
272 -1.73118 -0.678369 -0.000194899
273 -0.14043 -3.64214 0.00205155
274 -0.438732 -5.61245 0.00206211
275 -0.611638 -6.04565 0.00217219
276 -0.711368 -6.02113 0.00204183
277 -0.878176 -5.98699 0.00156854
278 -0.865292 -6.23677 0.00113749
279 -0.951759 -7.24279 0.000665752
280 -0.698544 -8.66783 0.000454701
281 -0.657957 -9.27835 0.00025871
282 -0.507027 -8.35712 0.0001943
283 0.0597085 -6.70541 -0.000494581
284 0.835062 -6.4639 -0.000179507
285 1.25291 -5.86601 -0.000547083
286 2.30089 -4.11432 -0.000861862
287 3.232 -3.3034 -0.00136171
288 3.9148 -2.94147 -0.00112459
289 4.72405 -1.44751 -0.00153326
290 5.68218 0.251044 -0.00193765
291 6.88806 1.98362 -0.00219906
292 8.83715 3.46461 -0.000910091
293 11.8719 3.94879 0.00153108
294 13.6418 3.81399 0.00297503
295 14.6943 4.30086 0.00238288
296 17.245 3.90345 0.00582851
297 18.5785 3.81134 0.00627098
298 19.1538 2.13521 0.0081018
299 19.1005 0.838354 0.00931805
300 19.1772 -0.140464 0.0107644
301 18.7457 -1.96071 0.0114524
302 17.6388 -4.95677 0.0126967
303 15.6919 -7.44782 0.013239
304 13.5192 -9.1538 0.013379
305 10.2189 -11.274 0.0101189
306 5.03721 -12.772 0.00553791
307 0.947285 -13.3201 0.00249767
308 -1.28996 -13.6746 0.00168373
309 -2.85335 -14.0966 0.00103428
310 -4.53214 -14.5435 0.000456138
311 -5.22677 -14.9011 0.00121022
312 -5.59335 -14.9751 0.00130042
313 -5.90435 -14.9623 0.000750381
314 -6.41539 -15.1911 0.000175758
315 -6.10813 -14.1028 -0.00012293
316 -5.92541 -13.0987 -0.000685155
317 -5.50458 -12.1784 -0.000813438
318 -4.98658 -11.0939 -0.000583502
319 -4.36657 -9.72306 -0.000700995
320 -3.67448 -8.43337 -0.000810415
321 -3.08422 -7.43445 -0.000703058
322 -2.62134 -6.35161 -0.000895333
323 -2.08009 -5.3091 -0.000750275
324 -1.55804 -4.54887 -0.000603357
325 -1.23476 -3.98368 -0.000344622
326 -1.05355 -3.5066 -0.000455407
327 -0.915821 -3.09463 -0.000718554
328 -0.48108 -2.79352 -0.000809388
329 -0.327946 -2.63106 -0.000906131
330 -0.0441688 -2.19216 -0.000898305
331 0.129231 -1.79026 -0.00126669
332 0.269348 -1.35854 -0.00153348
333 0.409331 -0.874696 -0.00166175
334 0.665556 -0.189855 -0.00194993
335 0.870244 0.0435485 -0.00211348
336 1.2635 0.343507 -0.00211943
337 1.70626 0.605407 -0.00200359
338 2.05593 0.767113 -0.00216743
339 2.54265 0.735967 -0.00218859
340 3.07195 0.742584 -0.00188549
341 3.49282 0.811823 -0.00167203
342 3.89455 0.973507 -0.00153931
343 4.09205 0.967594 -0.00148049
344 4.07648 1.0405 -0.00161282
345 3.98869 1.0652 -0.00157054
346 3.94057 1.02499 -0.00148536
347 3.76737 0.808672 -0.00134506
348 3.49829 0.680126 -0.00123117
349 3.20466 0.50988 -0.00114281
350 2.89593 0.377573 -0.000966838
351 2.38502 0.166348 -0.00112423
352 1.97541 0.121806 -0.0011597
353 1.71316 0.05023 -0.00111254
354 1.4408 -0.119776 -0.00106941
355 1.20029 -0.31571 -0.00101311
356 1.01346 -0.433483 -0.000933069
357 0.878501 -0.545823 -0.000820589
358 0.712161 -0.793207 -0.000434503
359 0.406248 -0.873068 -0.000373122
360 0.269321 -0.812257 0.000180131
361 -0.17787 -0.919822 0.000125388
362 -0.526032 -1.00875 0.000300875
363 -0.968701 -1.17804 0.000377104
364 -1.38395 -1.21696 0.000396355
365 -1.94689 -1.32114 0.00037652
366 -2.46439 -1.52793 0.000650906
367 -3.02674 -1.5253 0.000690314
368 -3.57505 -1.49092 0.000702034
369 -4.1329 -1.56078 0.000695767
370 -4.45701 -1.5364 0.0010134
371 -4.8723 -1.46864 0.000649169
372 -4.9387 -1.57805 0.000963035
373 -4.92473 -1.8285 0.00108566
374 -4.98213 -2.09073 0.000871583
375 -4.69359 -2.27978 0.000846774
376 -4.15832 -2.2781 0.000730421
377 -3.61187 -2.32362 0.000560379
378 -2.76277 -2.10456 0.000389784
379 -1.68584 -1.86616 0.000442396
380 -0.560358 -1.57913 9.95708e-06
381 1.02108 -0.764802 -0.000862258
382 1.46761 -1.45876 -0.000151714
383 2.15143 -1.69925 0.000274333
384 3.51115 -1.85865 0.000798444
385 1.52299 -2.24672 -0.00081293
386 1.50207 -1.90451 -0.0016583
387 1.76586 -1.55876 -0.00229462
388 2.57777 -0.900817 -0.00289476
389 3.45819 -0.142859 -0.00354903
390 4.70084 0.39525 -0.00403685
391 6.01504 1.13866 -0.0044702
392 7.33474 1.65567 -0.0045265
393 8.54305 2.08234 -0.00427605
394 10.2564 2.73096 -0.00386779
395 11.7937 3.379 -0.00372951
396 12.8617 4.03445 -0.0038094
397 14.288 4.72943 -0.00385665
398 15.4446 5.4015 -0.00442708
399 16.5022 5.91067 -0.0045395
400 17.3439 6.90807 -0.00571666
401 17.7342 7.67216 -0.00660742
402 18.5941 8.22736 -0.00662925
403 19.031 8.6069 -0.00655289
404 18.9889 9.03778 -0.00675828
405 18.975 9.06637 -0.00660216
406 18.5377 8.8025 -0.00599862
407 17.7257 8.39114 -0.00547966
408 17.1879 7.91346 -0.00475654
409 16.8628 7.92815 -0.00461616
410 16.8169 7.95555 -0.00449485
411 16.8399 8.19539 -0.00442226
412 16.9209 8.33674 -0.00416791
413 17.0035 8.25678 -0.00376224
414 16.8876 7.93514 -0.00314376
415 16.6422 7.6367 -0.00244547
416 16.0676 7.34038 -0.00224605
417 15.6135 7.05792 -0.00193576
418 15.2523 6.72689 -0.00159932
419 15.1149 6.51086 -0.00117538
420 14.851 5.99944 -0.000502881
421 14.8701 5.85558 6.09319e-05
422 14.6722 5.80147 0.000127316
423 14.3142 5.78284 0.00022687
424 13.6935 5.87387 -0.00012757
425 13.3608 5.65139 0.00015154
426 13.114 5.53807 0.000355442
427 12.9413 5.17958 0.00115838
428 12.7569 4.76975 0.0017433
429 12.6726 4.20587 0.00237706
430 12.5385 3.92628 0.00266769
431 12.5271 3.74278 0.00313549
432 12.4366 3.53076 0.00342326
433 12.2276 3.30059 0.00338803
434 12.5615 3.05793 0.00399075
435 13.1342 2.67408 0.00499727
436 13.8389 2.47148 0.00567731
437 14.3188 2.49918 0.0058302
438 15.1682 2.39757 0.00654378
439 16.1267 1.81733 0.00817102
440 16.6442 1.85282 0.00839596
441 17.6215 1.81171 0.00890891
442 17.6098 1.77301 0.00877033
443 17.8049 1.90441 0.00865836
444 17.5677 2.33375 0.0074866
445 16.9057 2.60437 0.00640145
446 15.8847 3.10755 0.00489641
447 14.3065 3.53592 0.00304986
448 12.2463 3.93406 0.000769492
449 9.90562 4.58625 -0.00183784
450 7.78963 5.07106 -0.00412343
451 5.84405 5.55767 -0.00614351
452 4.21568 5.72674 -0.00749746
453 2.96413 5.63307 -0.00823828
454 2.18734 5.40461 -0.00837305
455 2.1397 4.65005 -0.00700819
456 2.65063 3.29046 -0.00431336
457 3.75157 1.67724 -0.000711399
458 5.01683 -0.242153 0.003495
459 6.21123 -1.78132 0.0068015
460 8.12334 -4.92494 0.0128447
461 9.60678 -7.20059 0.0171212
462 11.001 -8.4556 0.0201703
463 12.4942 -8.98823 0.0225713
464 12.3254 -8.96307 0.022786
465 11.6061 -8.69174 0.022174
466 10.9043 -8.57625 0.0213683
467 10.6917 -8.11081 0.020784
468 10.2344 -7.27291 0.0192825
469 9.05676 -6.46604 0.0169735
470 7.88855 -5.70776 0.0151986
471 6.3815 -4.77264 0.0125313
472 4.87173 -4.15389 0.0104925
473 3.22575 -3.93939 0.00898945
474 1.32235 -3.88528 0.00741055
475 -0.414828 -3.90836 0.0062118
476 -2.20466 -3.88305 0.0049285
477 -3.32448 -3.81582 0.00418353
478 -4.41335 -3.80645 0.0033091
479 -5.34027 -3.8309 0.00255235
480 -6.14865 -3.95738 0.00216952
481 -6.73753 -4.33811 0.00231721
482 -6.83923 -4.24951 0.00234721
483 -7.47383 -4.08588 0.00149068
484 -7.81059 -3.55686 0.000285885
485 -8.23865 -3.23566 -0.00052138
486 -8.37427 -2.88216 -0.00100204
487 -8.40074 -2.68582 -0.00125382
488 -8.4037 -2.62735 -0.00149424
489 -8.30648 -2.57061 -0.00155378
490 -7.99782 -2.4593 -0.00162852
491 -7.49585 -2.50275 -0.0013135
492 -6.78704 -2.24973 -0.00136813
493 -5.60424 -1.76231 -0.00123448
494 -4.18875 -1.15364 -0.0010692
495 -2.61335 -0.584985 -0.00113261
496 -0.525087 -0.00961915 -0.00076569
497 0.460204 0.281109 -0.000839567
498 2.73741 0.855599 1.66442e-05
499 4.7055 1.515 5.15178e-05
500 6.77675 1.73424 0.00141559
501 9.33208 1.83992 0.00304735
502 11.4667 1.18968 0.0055053
503 12.7627 0.482391 0.00754357
504 13.6855 -1.16081 0.0108084
505 14.8101 -2.11263 0.0132484
506 15.5836 -3.11408 0.0153715
507 15.5972 -3.5903 0.0159212
508 15.5711 -3.69188 0.0162528
509 15.4641 -3.47465 0.0157905
510 15.1645 -2.88045 0.0146925
511 14.4393 -2.12969 0.0131961
512 13.2099 -1.67643 0.0115243
513 11.362 -1.23849 0.00950113
514 9.37152 -0.790337 0.0075571
515 7.53741 -0.553965 0.00586589
516 5.9718 -0.337905 0.00444127
517 4.80488 -0.110375 0.00322233
518 3.74202 0.0258848 0.00247952
519 2.82021 0.059606 0.00181504
520 2.001 0.114529 0.00113738
521 1.22965 0.0743882 0.00081982
522 0.398966 -0.134439 0.000344687
523 -0.245569 -0.0298151 0.000165249
524 -1.01426 -0.0105351 -0.000423081
525 -1.86164 -0.0387212 -0.0010612
526 -2.32437 -0.143348 -0.00128273
527 -2.60955 -0.186676 -0.00142718
528 -2.81445 -0.222316 -0.00160722
529 -2.98011 -0.275369 -0.00185155
530 -2.7356 -0.177913 -0.00164171
531 -2.541 -0.152119 -0.00163356
532 -2.21407 -0.0140358 -0.00150378
533 -1.90918 0.0947357 -0.00160926
534 -1.55002 0.360818 -0.00155169
535 -1.76525 0.350595 -0.00194764
536 -1.90646 0.321778 -0.00203084
537 -1.95452 0.200143 -0.00193752
538 -2.03421 0.228302 -0.00183922
539 -2.16351 -0.0174789 -0.00172247
540 -2.16712 0.0379741 -0.0013696
541 -2.2069 0.0759744 -0.00129294
542 -2.11663 0.0606354 -0.00127046
543 -2.2127 0.00971175 -0.00135597
544 -2.41096 0.0255859 -0.00157505
545 -2.68909 0.120286 -0.00185159
546 -2.93728 0.312097 -0.00230025
547 -3.34076 0.354552 -0.00271624
548 -3.34331 0.41391 -0.00265627
549 -3.28392 0.514501 -0.0026602
550 -3.28667 0.510219 -0.00260882
551 -3.29882 0.332617 -0.00262144
552 -3.34095 0.275898 -0.00263224
553 -3.44021 0.189182 -0.00252746
554 -3.4945 0.0739992 -0.00236824
555 -3.18546 0.210302 -0.00199825
556 -3.21485 0.193466 -0.00205717
557 -3.0142 0.21454 -0.00195251
558 -2.76152 0.219983 -0.00191352
559 -2.44605 0.186719 -0.00152372
560 -1.95755 0.139139 -0.00124097
561 -1.59972 0.0668224 -0.000946482
562 -1.2767 0.00258862 -0.000778658
563 -0.985611 0.0570396 -0.000580237
564 -0.757325 0.151062 -0.000625902
565 -0.615341 0.272513 -0.00073463
566 -0.595118 0.350491 -0.00107353
567 -0.779151 0.29043 -0.00135471
568 -0.898442 0.412152 -0.00159201
569 -0.932986 0.524191 -0.00168313
570 -1.07919 0.555639 -0.00187595
571 -1.11054 0.636875 -0.00203675
572 -1.13868 0.629678 -0.0021343
573 -1.00186 0.775519 -0.00243343
574 -0.710194 1.00404 -0.00253429
575 -0.307947 1.15098 -0.00232439
576 -0.00821717 1.3317 -0.00252929
577 0.726727 1.27035 -0.0016995
578 1.0343 1.47494 -0.00187666
579 1.33002 1.44002 -0.00168235
580 1.49061 1.3427 -0.00141203
581 1.5772 1.18695 -0.00119795
582 1.38325 0.915786 -0.000771302
583 0.951675 0.401942 -0.000182261
584 0.605045 0.0715194 8.74936e-05
585 0.227209 -0.178724 0.000364819
586 0.0543728 -0.0284426 0.000204271
587 -0.146237 0.139066 5.21705e-05
588 -0.470967 0.435307 -0.000696141
589 -0.881097 0.581245 -0.00123476
590 -1.46324 0.56788 -0.00185986
591 -1.76442 0.743383 -0.00261412
592 -1.91336 0.928371 -0.00319011
593 -1.83159 1.15931 -0.0034958
594 -1.59161 1.57173 -0.00420218
595 -1.08501 2.03327 -0.00483192
596 -0.494198 2.56811 -0.00549372
597 0.483137 3.15153 -0.00603643
598 1.00635 3.49508 -0.00656801
599 1.71129 3.65928 -0.00657342
600 2.42662 3.68781 -0.00604533
601 2.27094 4.01681 -0.0067764
602 2.26613 4.04972 -0.00677627
603 2.25016 3.88252 -0.00631396
604 2.12353 3.65467 -0.00587973
605 1.91488 3.3032 -0.00530405
606 1.65531 2.83725 -0.00488541
607 1.53902 2.50398 -0.00429651
608 1.44455 2.19654 -0.00394738
609 1.29563 2.07884 -0.00385856
610 1.23283 1.94275 -0.00375091
611 1.05412 1.97534 -0.00377427
612 0.812972 2.00505 -0.00396097
613 0.630625 2.09275 -0.00399057
614 0.475009 2.07922 -0.00398926
615 0.414519 1.93452 -0.00385016
616 0.492117 1.5787 -0.0031095
617 1.00598 1.04972 -0.00164174
618 1.74875 0.460248 0.00010113
619 2.73359 -0.0646847 0.00195896
620 3.98864 -1.06229 0.00448901
621 5.9586 -2.10484 0.00769499
622 8.48712 -3.26706 0.011831
623 11.2106 -4.22271 0.0157862
624 13.2147 -4.51025 0.0175866
625 15.8659 -4.50455 0.0198951
626 17.1979 -4.98995 0.0216253
627 17.7249 -4.80233 0.0217332
628 17.7895 -4.34454 0.0210193
629 17.089 -3.88226 0.019592
630 16.1067 -3.4432 0.01814
631 15.1035 -2.71032 0.0162948
632 13.9953 -2.11537 0.0145488
633 12.8058 -1.53564 0.0125676
634 11.4908 -1.24527 0.0106516
635 10.0107 -0.937277 0.00884926
636 8.97694 -0.913107 0.00782624
637 8.23033 -1.31512 0.00802679
638 7.6054 -1.99364 0.00849084
639 7.11726 -2.79181 0.00920451
640 6.74892 -2.84998 0.00905604
641 5.70581 -2.54079 0.00786077
642 4.61736 -2.07216 0.00645071
643 3.35639 -1.65917 0.00508621
644 1.94797 -1.12712 0.00327612
645 0.263954 -0.857937 0.00157784
646 -0.512022 -0.599177 0.000970051
647 -1.66166 -0.596076 0.000128916
648 -3.50649 -0.353178 -0.00153367
649 -4.55979 -0.127422 -0.00256744
650 -6.1161 0.157482 -0.0040674
651 -7.07913 0.661996 -0.0056243
652 -7.96546 1.10522 -0.0069384
653 -8.9563 0.985998 -0.00748503
654 -9.8224 0.719967 -0.00782825
655 -10.0466 0.243408 -0.00718247
656 -10.408 0.00663776 -0.00718366
657 -10.5961 -0.299795 -0.00697735
658 -10.7751 -0.406345 -0.00696412
659 -11.0499 -0.515218 -0.00691318
660 -11.3036 -0.687559 -0.00712621
661 -11.4085 -0.748477 -0.00703589
662 -11.6254 -0.879787 -0.00700946
663 -11.6202 -1.01301 -0.00673271
664 -11.5227 -1.16795 -0.00643295
665 -11.3794 -1.13207 -0.00644505
666 -11.1054 -1.14315 -0.00628266
667 -10.8501 -1.2164 -0.00607353
668 -10.5359 -1.27798 -0.00586128
669 -9.8273 -1.13092 -0.00560925
670 -9.08966 -1.06979 -0.00526398
671 -8.60025 -0.7737 -0.00557805
672 -8.14389 -0.454776 -0.00589678
673 -7.77846 0.449407 -0.00704638
674 -7.4735 1.41531 -0.00841538
675 -7.1385 2.59477 -0.0101923
676 -6.75312 3.71387 -0.0119745
677 -6.06416 5.15751 -0.0138623
678 -5.20815 6.46114 -0.0156422
679 -4.12698 7.78211 -0.0166629
680 -2.89437 8.84812 -0.0176323
681 -1.50333 9.91742 -0.0181457
682 -0.454497 10.465 -0.0185012
683 0.371956 10.8792 -0.0183992
684 1.2811 11.1277 -0.0182146
685 1.91827 11.0192 -0.0177612
686 2.75492 10.8026 -0.0167371
687 3.49823 10.4772 -0.0156575
688 4.03244 10.1541 -0.0146866
689 4.26991 9.58755 -0.0137516
690 4.22946 9.23332 -0.0130041
691 3.75692 8.69427 -0.0125327
692 2.98201 8.19512 -0.0122648
693 1.94138 7.66015 -0.0123295
694 0.67883 7.09455 -0.0123639
695 -0.676124 6.25442 -0.0116764
696 -2.43216 5.33798 -0.0115305
697 -3.95183 4.51046 -0.0112496
698 -5.26606 3.84798 -0.0109069
699 -6.40203 3.20473 -0.0106165
700 -7.05271 2.74662 -0.0104811
701 -6.97954 2.88266 -0.0104728
702 -6.50372 3.02562 -0.0103046
703 -5.39892 3.30945 -0.00990387
704 -4.03017 3.55276 -0.00945865
705 -2.48915 3.97977 -0.00885953
706 -1.06527 4.19403 -0.00804245
707 0.396991 4.41573 -0.0074645
708 1.77651 4.55717 -0.00656608
709 3.06473 4.61372 -0.00585701
710 4.35961 4.65964 -0.00497932
711 5.03551 4.68734 -0.00437483
712 5.54351 4.46586 -0.00370273
713 5.77578 4.27338 -0.00324442
714 5.76324 4.14341 -0.00298248
715 5.67073 3.84086 -0.0023549
716 5.45791 3.69705 -0.00229094
717 5.3027 3.38964 -0.00200046
718 5.11566 3.19616 -0.00189864
719 4.99405 3.12766 -0.00188096
720 4.9567 2.97508 -0.00140015
721 4.47081 2.58397 -0.00121809
722 3.66175 2.15266 -0.00128056
723 2.48788 1.64577 -0.00126911
724 0.501694 0.950614 -0.0016635
725 -1.94604 0.0381232 -0.00177182
726 -5.61694 -1.39914 -0.0021898
727 -8.87262 -2.28826 -0.00322278
728 -12.8241 -2.72605 -0.00514887
729 -15.8259 -2.89825 -0.00680813
730 -19.2597 -4.21117 -0.00731969
731 -22.1954 -4.33481 -0.0088547
732 -25.157 -4.66628 -0.0101805
733 -27.8212 -5.07379 -0.0114378
734 -29.3265 -5.46547 -0.0118115
735 -30.1386 -6.02395 -0.011148
736 -30.983 -6.65271 -0.0102927
737 -32.0333 -6.91921 -0.0101959
738 -32.8047 -7.57082 -0.00944306
739 -34.0863 -8.08389 -0.00913328
740 -35.2663 -8.55788 -0.00839613
741 -37.205 -8.93498 -0.00875417
742 -38.9751 -9.19082 -0.00890184
743 -40.8347 -9.67967 -0.00899135
744 -42.6566 -10.0363 -0.00930127
745 -43.5902 -10.5858 -0.00803448
746 -44.9038 -10.8169 -0.00838394
747 -44.6344 -11.1198 -0.00718616
748 -44.0747 -11.2694 -0.00578735
749 -43.4309 -11.4217 -0.00523857
750 -42.1079 -11.3461 -0.00445752
751 -40.712 -11.2882 -0.00418183
752 -38.4465 -11.0844 -0.00325998
753 -35.8198 -10.8806 -0.00208226
754 -33.3608 -10.6047 -0.00121195
755 -30.9406 -10.5893 9.19485e-05
756 -28.8009 -10.6591 0.00169308
757 -26.8945 -10.7311 0.00264379
758 -25.0154 -10.8295 0.00365958
759 -23.301 -11.0754 0.00484924
760 -21.5499 -10.8242 0.00561446
761 -20.1402 -11.107 0.0065764
762 -18.6939 -11.3043 0.0075741
763 -17.4859 -11.9624 0.00908759
764 -16.0394 -12.1082 0.0103188
765 -14.9194 -12.9447 0.0120801
766 -13.1472 -13.2002 0.0136206
767 -11.441 -12.8022 0.0143823
768 -9.39896 -12.8772 0.0162696
769 -7.56773 -13.6529 0.018863
770 -6.93717 -13.2878 0.0186513
771 -6.20145 -11.1749 0.0156334
772 -5.369 -10.4251 0.0151458
773 -4.9991 -9.87037 0.0144477
774 -4.49962 -8.69617 0.0129577
775 -3.96498 -7.59107 0.0114872
776 -3.49996 -6.58891 0.0103227
777 -3.11942 -5.91889 0.00930061
778 -2.87524 -5.34504 0.00818821
779 -2.49821 -4.81313 0.00764589
780 -2.23626 -4.40849 0.00696912
781 -1.95691 -3.86617 0.00625552
782 -1.79301 -3.40826 0.00544402
783 -1.57735 -2.91857 0.00463773
784 -1.34383 -2.40942 0.0039142
785 -1.10021 -2.073 0.00352749
786 -0.845146 -1.67759 0.003314
787 -0.674496 -1.3644 0.00309792
788 -0.470852 -1.06931 0.00299983
789 -0.326267 -0.838289 0.0026688
790 -0.289114 -0.812394 0.00243211
791 -0.131809 -0.775082 0.00263168
792 -0.0238799 -0.621071 0.00250836
793 -0.113171 -0.639999 0.00235085
794 -0.189486 -0.523559 0.0022069
795 -0.318954 -0.507954 0.00208514
796 -0.463746 -0.471471 0.00184716
797 -0.630163 -0.416392 0.00165343
798 -0.747075 -0.389503 0.00162899
799 -0.824979 -0.298597 0.00150381
800 -1.03677 -0.288669 0.00128717
801 -1.15091 -0.271081 0.001311
802 -1.34683 -0.17122 0.00120627
803 -1.55461 0.0242853 0.00093347
804 -1.65287 0.131108 0.000889142
805 -1.83113 0.143651 0.000696121
806 -1.92444 0.383314 0.000574632
807 -1.95139 0.662654 0.00048614
808 -1.91531 0.969829 0.000363251
809 -1.89467 1.07127 0.000551512
810 -1.78147 1.32145 0.000465061
811 -1.46544 1.48503 0.000586262
812 -1.3302 1.39704 0.000407212
813 -1.07404 1.3565 0.000473909
814 -0.9172 1.22815 0.000448086
815 -0.778052 1.07814 0.000468434
816 -0.699634 0.763159 0.000903107
817 -0.721727 0.578343 0.00134443
818 -0.741337 0.392176 0.00209826
819 -0.829578 0.125808 0.00254801
820 -0.744603 0.0465237 0.00292975
821 -0.85916 -0.0542436 0.00276435
822 -0.776217 0.0216819 0.00257813
823 -0.67973 -0.0140106 0.00227746
824 -0.713695 -0.0985332 0.00184847
825 -0.615244 -0.092735 0.00153772
826 -0.493273 -0.0438655 0.00130751
827 -0.485528 -0.119025 0.00110942
828 -0.534389 -0.15235 0.00103436
829 -0.464354 -0.0729309 0.000996149
830 -0.528095 -0.164696 0.000860942
831 -0.497097 -0.176095 0.000901765
832 -0.536109 -0.130034 0.000822598
833 -0.617587 -0.0728929 0.00055558
834 -0.606311 -0.0416179 0.000551787
835 -0.626068 -0.0633281 0.00051763
836 -0.532567 0.021775 0.000687602
837 -0.452172 0.0906207 0.000570183
838 -0.421275 0.0731539 0.000408207
839 -0.377629 0.0492781 0.000283292
840 -0.296159 0.0868249 0.000126663
841 -0.250325 0.0404034 3.89787e-05
842 -0.168409 -0.0242101 5.1734e-05
843 -0.141313 -0.0177242 -0.000136764
844 -0.0659012 -0.00659654 -0.000197285
845 -0.0623584 -0.0664142 -0.000256342
846 0.00587913 -0.121123 -0.000266034
847 0.100491 -0.0160878 -0.000299873
848 0.155713 -0.0402549 -0.000386784
849 0.262888 -0.0530999 -0.000307098
850 0.30651 -0.0799616 -0.000172899
851 0.309748 -0.111384 -0.00012491
852 0.476448 -0.0499223 7.82193e-05
853 0.371281 -0.123942 -4.95725e-05
854 0.344466 -0.118314 -0.000135018
855 0.327165 -0.150555 -8.49409e-05
856 0.304857 -0.111519 -0.00016898
857 0.255507 -0.197045 -0.000121909
858 0.263554 -0.147372 -5.51236e-05
859 0.301304 -0.115686 1.42138e-06
860 0.300746 -0.101383 -3.46732e-05
861 0.338326 -0.127042 0.000146519
862 0.247724 -0.10687 8.73744e-05
863 0.271228 -0.0866771 0.000112506
864 0.333302 -0.112143 0.000383001
865 0.237528 -0.0977138 0.000177659
866 0.274932 -0.0208022 0.000168397
867 0.237713 -0.0164454 0.000109419
868 0.245266 -0.0406534 0.00020018
869 0.273185 -0.0247542 0.000222824
870 0.304786 0.0150568 0.000226282
871 0.395332 -0.0421627 0.000374298
872 0.352127 -0.0796545 0.000304089
873 0.406429 -0.0647321 0.000371972
874 0.431714 -0.0530785 0.0003078
875 0.493271 -0.107639 0.000420691
876 0.521757 -0.112977 0.000470862
877 0.505694 -0.0406589 0.000360732
878 0.522535 -0.0224018 0.000288902
879 0.470622 -0.0427363 0.000162716
880 0.536675 -0.0536617 0.000346812
881 0.488341 -0.0397579 0.000279839
882 0.484995 -0.0164478 0.000259623
883 0.443826 -0.0722222 0.000347842
884 0.379271 -0.0557215 0.000287447
885 0.371176 0.00901192 0.000285358
886 0.302282 -0.04748 0.000221931
887 0.206773 -0.0993434 0.000218626
888 0.0310594 -0.0804 -4.21302e-06
889 0.148164 0.0384456 8.43573e-05
890 -0.0621292 -0.0986509 -0.000143264
891 -0.0685743 -0.0908024 -4.57334e-05
892 -0.0515049 -0.0390752 -2.62009e-06
893 0.10189 0.0394414 0.000213107
894 0.12959 0.0337554 0.000227418
895 0.0949847 -0.0254 0.000237
896 0.0818035 -0.0206474 0.000246213
897 -0.014418 0.0428022 2.90354e-06
898 0.0143556 0.0185191 1.18066e-05
899 -0.077448 0.000141748 -1.65593e-05
900 -0.0561948 0.0184588 -1.00823e-05
901 -0.127161 0.0240258 -0.000159887
902 -0.0429512 0.067557 -2.80672e-05
903 -0.00142691 0.0692999 8.90195e-07
904 0.00835596 0.0707373 -6.52811e-05
905 0.090194 0.0610523 1.24581e-05
906 0.110746 0.0575253 -9.37659e-06
907 0.106085 0.10083 -9.57416e-05
908 0.0477574 0.055411 -0.000187587
909 0.0912455 0.0526418 -0.000116943
910 0.0962848 0.044786 -8.18895e-06
911 0.0831634 0.0618665 -8.05722e-05
912 0.0998348 0.0565798 -6.19e-05
913 0.0396496 -0.0137437 -7.63056e-05
914 -0.0404859 -0.0157106 -0.000178926
915 -0.0996923 -0.00472535 -0.000271703
916 0.0733826 0.00505238 7.21337e-05
917 -0.00287549 -0.0301113 -0.000159461
918 0.0318054 -0.0184494 -9.88003e-05
919 0.0518407 -0.00600257 -4.95745e-05
920 0.0478894 -0.0368658 -2.74274e-05
921 0.0882065 0.00628708 2.91116e-05
922 0.0352723 -0.0365928 -1.49646e-05
923 0.0589769 0.0019548 0.000142246
924 0.0108904 -0.0239842 -3.50571e-05
925 -0.0403727 -0.0144753 -0.000200733
926 -0.0241168 -0.023572 -0.000156058
927 -0.0340144 -0.025049 -0.000205192
928 -0.0252578 -0.0144405 -0.000124173
929 -0.0438671 0.0230725 -0.000265593
930 -0.070721 -0.0102717 -0.000322412
931 0.00363795 -0.0138841 -0.000233914
932 -0.0443325 -0.0185849 -0.0003236
933 0.014187 -0.00628584 -0.000216637
934 -0.0217399 -0.00534673 -0.00023801
935 0.105951 -0.0201112 -2.86411e-05
936 -0.00489981 -0.0447592 -0.000143354
937 -0.0602665 -0.0522247 -0.000138698
938 0.0556492 0.0101665 3.38954e-05
939 0.0696773 -0.00264802 4.1145e-05
940 0.0637592 -0.0266415 -5.61106e-06
941 0.0317365 -0.042205 -1.20743e-05
942 0.0146902 -0.0518773 -0.000102526
943 0.102815 -0.0532771 -5.39525e-05
944 0.0936964 -0.0500459 -0.000165508
945 0.145769 -0.0120406 -0.000130688
946 0.06318 0.0240722 -0.000273938
947 0.175131 0.0987051 -0.000299769
948 0.329328 0.112707 -0.000318884
949 0.599361 0.124441 -0.000246094
950 0.939225 0.0859387 1.15676e-05
951 1.24096 -0.0428229 9.06868e-05
952 1.51936 -0.20129 0.00027087
953 1.84293 -0.431343 0.000554971
954 2.03123 -0.679254 0.000745744
955 2.31511 -0.897482 0.00116441
956 2.43649 -0.964362 0.00120853
957 2.56269 -1.11842 0.00150052
958 2.63632 -1.1828 0.00175378
959 2.71646 -1.16211 0.00210148
960 2.5797 -1.29119 0.0021693
961 2.59968 -1.34808 0.0026032
962 2.38049 -1.5024 0.00265278
963 2.24053 -1.66971 0.00294034
964 2.08285 -1.85385 0.00319051
965 1.8513 -1.94928 0.00339503
966 1.50699 -1.968 0.00320208
967 1.12935 -1.93325 0.00301381
968 0.866491 -1.92087 0.00307801
969 0.548539 -1.82841 0.00296606
970 0.321794 -1.6629 0.00302288
971 0.122253 -1.58216 0.00377186
972 -0.0310061 -1.44419 0.00402681
973 -0.254031 -1.1665 0.00369179
974 -0.392228 -0.852851 0.00320681
975 -0.511453 -0.525618 0.00259292
976 -0.462256 -0.306214 0.00230872
977 -0.504548 -0.204845 0.00214864
978 -0.55925 -0.117776 0.0020372
979 -0.601493 -0.0617308 0.00193169
980 -0.681195 -0.116459 0.00214837
981 -0.704207 -0.176654 0.00232104
982 -0.776159 -0.183785 0.00259571
983 -0.777472 -0.210618 0.00300395
984 -0.927252 -0.233634 0.00338965
985 -1.02399 -0.238128 0.00378026
986 -1.29627 -0.235094 0.00417282
987 -1.51264 -0.299422 0.0047544
988 -1.71867 -0.30739 0.00524619
989 -1.92495 -0.255515 0.00539201
990 -2.14453 -0.258652 0.00551778
991 -2.04584 -0.160318 0.00575897
992 -5.42811 -1.62698 0.00492197
993 -5.20273 -1.72334 0.00583338
994 -5.05985 -1.62876 0.00625062
995 -4.90604 -1.25235 0.00594544
996 -4.73026 -1.13891 0.00672481
997 -4.67397 -0.949346 0.00659503
998 -4.58459 -0.788605 0.00667652
999 -4.3553 -0.371071 0.00643344
1000 -4.37423 0.14468 0.00552117
1001 -4.52882 0.600155 0.00429648
1002 -4.2475 1.01457 0.00419611
1003 -4.05715 1.16651 0.00432619
1004 -3.65104 1.30997 0.00471239
1005 -3.32053 1.38131 0.00471457
1006 -3.14622 1.30184 0.00447392
1007 -3.07312 1.40269 0.00381241
1008 -2.89601 1.50711 0.00322593
1009 -2.74867 1.5451 0.00255007
1010 -2.54292 1.46622 0.00209365
1011 -2.34838 1.3744 0.00154086
1012 -2.15351 1.25082 0.00104104
1013 -1.99879 1.0596 0.000713802
1014 -1.80909 0.863665 0.000399094
1015 -1.71903 0.761372 -0.000257755
1016 -1.66297 0.641518 -0.00117528
1017 -1.59899 0.598928 -0.00187532
1018 -1.34265 0.564606 -0.00212334
1019 -1.25575 0.468858 -0.00220486
1020 -1.03051 0.431266 -0.00196717
1021 -0.900819 0.382894 -0.00165389
1022 -0.778908 0.361697 -0.00137509
1023 -0.694838 0.375274 -0.00128309
1024 -0.632902 0.375936 -0.00126855
1025 -0.680694 0.37154 -0.00154048
1026 -0.695342 0.32327 -0.00149717
1027 -0.550131 0.327569 -0.00141917
1028 -0.505942 0.299702 -0.00131876
1029 -0.488888 0.223293 -0.00118844
1030 -0.281399 0.269762 -0.000884507
1031 -0.215116 0.232423 -0.000790857
1032 -0.189326 0.0933477 -0.000665084
1033 0.0246297 -0.0259217 -6.66029e-05
1034 0.204739 -0.186087 0.00048526
1035 0.415742 -0.334484 0.00110658
1036 0.520002 -0.438603 0.00147468
1037 0.67445 -0.577029 0.001905
1038 0.745429 -0.521421 0.00203063
1039 0.806334 -0.538568 0.00209022
1040 0.769323 -0.567093 0.00200116
1041 0.659831 -0.546836 0.00168586
1042 0.584927 -0.516492 0.00145905
1043 0.53969 -0.473828 0.00134393
1044 0.407287 -0.398633 0.00105528
1045 0.361183 -0.363444 0.00101932
1046 0.345194 -0.307092 0.00101146
1047 0.288528 -0.225517 0.00080447
1048 0.160407 -0.142561 0.000466588
1049 0.151156 -0.0125377 0.000285371
1050 0.0963089 -0.048379 0.000209554
1051 0.0495467 -0.0206265 7.71715e-05
1052 0.0367315 0.0413928 -2.98601e-05
1053 0.0197725 0.0782078 -0.000171445
1054 -0.0882585 0.0233259 -0.000265505
1055 -0.017483 0.0285321 -0.000226492
1056 -0.16168 0.059667 -0.000399429
1057 -0.0496196 0.0574687 -0.000222725
1058 -0.12561 -0.0270327 -0.000270405
1059 -0.0392791 -0.0480155 -0.000107374
1060 0.0121137 0.0108416 -0.000111224
1061 0.0392739 -0.0217901 -1.97562e-05
1062 0.078886 -0.0956718 0.000133684
1063 0.110711 -0.0480025 0.000140609
1064 0.131741 -0.0690864 0.000206945
1065 0.105325 -0.055312 0.000245575
1066 0.153341 -0.0649834 0.000374648
1067 0.208323 -0.07469 0.000470942
1068 0.191631 -0.0279127 0.000367784
1069 0.139565 -0.0826604 0.000413994
1070 0.0979868 -0.087632 0.000371317
1071 0.133022 -0.0971267 0.000431242
1072 0.151464 -0.0972835 0.000341949
1073 0.126787 -0.163187 0.000419143
1074 0.0659826 -0.190876 0.000332313
1075 0.0145737 -0.134484 0.000188959
1076 0.0345154 -0.112632 0.000149474
1077 0.0716624 -0.130935 0.000284959
1078 0.0491553 -0.10737 0.000223449
1079 0.13508 -0.00559114 0.000377853
1080 0.121326 0.00106911 0.000374016
1081 0.0916723 0.00639324 0.000299357
1082 0.153948 0.000286599 0.000471394
1083 0.133195 0.0726524 0.00030898
1084 0.0463833 0.0226265 0.000254664
1085 0.0271061 0.0306831 0.000113284
