1 0.326853 -0.00870993 -0.000475581
2 0.217809 -0.0187495 -0.000298433
3 0.700392 0.184377 -0.000444883
4 0.219514 -0.0180693 4.30734e-05
5 0.11205 -0.05533 -0.000134741
6 0.175067 0.0751238 -8.93322e-05
7 0.0888246 -0.129786 -0.00013209
8 0.0706242 -0.0606063 -9.11275e-05
9 0.0844142 0.0301046 -4.23335e-05
10 0.0581994 0.00434774 -6.79597e-05
11 0.0223724 -0.0226437 -1.61227e-05
12 0.0194435 -0.0790502 8.4457e-05
13 -0.000288354 -0.00017636 -3.26498e-06
14 -0.0290499 0.069027 -7.51814e-05
15 0.0526937 0.0242318 0.000116921
16 -0.0525052 -0.082383 -2.54224e-05
17 0.0723739 0.0841887 3.22183e-06
18 0.0519432 -0.0280096 -5.32026e-06
19 -0.00319008 -0.023468 -8.3734e-05
20 0.0393093 -0.0446386 1.6496e-05
21 -0.0226236 -0.0256003 -2.92735e-05
22 -0.0107131 -0.0401014 -3.61229e-06
23 -0.011246 -0.0190308 2.23859e-05
24 0.0200489 0.0697141 2.7029e-05
25 0.052129 0.0679139 7.1351e-05
26 -0.00391377 -0.0172723 3.9863e-05
27 0.032434 0.0763853 7.49021e-05
28 0.0853949 0.0112091 2.06615e-05
29 0.0533535 0.0456052 -1.94878e-05
30 0.0807248 -0.0440246 9.03423e-05
31 0.0652142 0.0174274 5.27665e-05
32 0.0637727 0.0198639 2.44601e-05
33 0.036622 -0.0178553 2.80843e-05
34 -0.0462677 -0.0536306 -1.47597e-05
35 -0.0103264 0.0597936 1.33124e-05
36 -0.0282118 0.042462 -1.55879e-05
37 0.0480026 0.0423768 5.03272e-05
38 0.00326278 0.00904184 5.18037e-05
39 -0.0635342 -0.006384 -9.51405e-05
40 -0.0463441 -0.0347336 -3.18978e-05
41 0.032094 -0.0557389 7.47812e-05
42 0.00441004 -0.00257601 4.35656e-05
43 0.0415552 0.0623804 -2.29284e-05
44 -0.0238801 -0.0546486 -4.13679e-05
45 0.0151054 -0.080086 6.98345e-05
46 -0.0642113 0.0372574 -6.8349e-05
47 0.0343744 0.0169298 2.77217e-05
48 0.00254467 -0.0422199 -1.1936e-05
49 0.00060159 0.0103405 7.36054e-05
50 -0.142243 0.172604 0.000602459
51 -0.0299069 -0.021425 -0.000122128
52 -0.0642745 -0.0367682 -8.11563e-05
53 -0.0585978 -0.0484079 -9.36331e-05
54 0.00472261 -0.0359806 5.9085e-05
55 -0.104447 0.00437074 -0.000160697
56 0.0258771 0.0070427 3.4495e-05
57 -0.0225221 0.00408111 -9.69895e-05
58 -0.00954231 -0.0288143 -3.58966e-05
59 -0.00363708 0.0687965 -0.000117022
60 -0.0277437 -0.0213094 -1.43912e-06
61 -0.0636659 -0.00816049 -6.48583e-05
62 0.0134502 0.00572565 3.46134e-05
63 0.0315233 -0.00288451 0.000122403
64 -0.00876742 0.034442 3.33196e-05
65 -0.0697234 0.040392 -8.37048e-05
66 -0.0318553 -0.00438953 -6.15407e-07
67 -0.0277688 -0.0246992 -4.33649e-05
68 0.00538843 0.0676887 -3.08152e-05
69 -0.0425694 0.033328 -5.23708e-05
70 0.0188774 0.0383081 9.16373e-05
71 -0.0069991 0.0446963 -2.33324e-05
72 0.00884157 -0.0403335 6.52932e-06
73 0.0280005 0.0154763 3.44131e-05
74 0.0197884 -0.00435689 -9.64206e-05
75 0.011497 -0.0499931 -3.38097e-05
76 -0.0485222 -0.049219 -0.000108183
77 0.0301955 -0.0336944 -2.3682e-05
78 0.0303271 -0.0274183 2.42029e-05
79 0.0290585 -0.0158619 0.000128572
80 -0.00315415 0.0980139 1.42127e-06
81 0.0257195 0.0294667 5.74837e-05
82 0.0442828 -0.0576043 0.000135156
83 -0.0520764 0.0174905 -8.75326e-06
84 0.0615816 -0.0140912 0.000114823
85 -0.0636456 -0.0147851 6.1147e-06
86 -0.000127858 -0.00786744 0.000106678
87 -0.0568879 0.0723991 -7.28051e-05
88 -0.0180666 0.0597348 1.06518e-05
89 -0.060366 -0.00148619 2.6781e-05
90 -0.0510206 0.077492 4.44862e-05
91 -0.105274 0.0445211 0.000144512
92 -0.168301 0.0389476 6.55376e-05
93 -0.241406 0.0597656 5.12006e-05
94 -0.217711 -0.0608849 0.000219448
95 -0.29161 -0.152163 0.000257555
96 -0.375708 -0.19363 0.00021502
97 -0.349001 -0.412603 0.000423089
98 -0.595449 -0.408098 -0.000118357
99 -0.718641 -0.520149 -0.000135447
100 -0.549796 -0.713067 6.86878e-05
101 -0.740292 -0.764386 -0.000363999
102 -0.629985 -0.879426 6.53484e-05
103 -0.954606 -1.1883 -0.000206425
104 -1.08999 -1.23682 -0.000206507
105 -1.21946 -1.40313 -0.000264383
106 -1.25063 -1.95535 -3.77059e-05
107 -1.62496 -1.89767 -2.91931e-05
108 -2.22379 -1.81323 -0.000816681
109 -2.05401 -2.05642 -0.000178324
110 -2.1085 -2.04288 0.000263648
111 -2.29268 -1.87573 -0.000355479
112 -2.76356 -1.90349 -0.000557576
113 -3.12318 -1.6322 -0.00129627
114 -2.79148 -1.22087 -0.00133874
115 -2.1528 -1.07704 -0.00099997
116 -1.6316 -0.786225 -0.00096423
117 -0.591746 -0.552109 -0.000423908
118 0.0889056 -0.339419 -0.00023241
119 0.994914 0.12868 -2.50551e-06
120 1.76518 0.633863 0.000227996
121 2.67149 0.907112 0.00100671
122 3.68014 1.13348 0.00167288
123 3.06929 1.73585 0.000120468
124 3.75116 1.25274 0.00172759
125 3.02558 2.06115 0.000100865
126 2.83715 1.67877 0.000378129
127 2.53247 1.49296 0.00090436
128 2.38734 1.79495 0.000754692
129 2.19281 1.75676 0.000927115
130 1.79284 1.69204 0.00117874
131 1.58143 1.74836 0.00105727
132 0.823998 1.03625 0.000860994
133 0.640209 1.13736 0.000582266
134 0.618767 1.00703 0.000690734
135 0.568189 1.0347 0.000416462
136 0.384931 0.686162 0.000573081
137 0.381964 0.477643 0.000342653
138 0.33102 0.348855 0.000124565
139 0.284145 0.0735172 -0.000124413
140 0.187466 -0.243669 -0.000192148
141 0.144655 -0.311676 -0.000218114
142 0.0957245 -0.3636 -0.000194986
143 0.092059 -0.47132 -0.000132467
144 0.00138065 -0.46917 -0.000415386
145 0.0180241 -0.485086 -0.000399032
146 -0.13886 -0.40821 -0.000725006
147 -0.115625 -0.576075 -0.000769951
148 -0.274568 -0.625504 -0.00116881
149 -0.355714 -0.845553 -0.00154107
150 -0.277898 -0.843965 -0.00147207
151 -0.379799 -0.950377 -0.0019599
152 -0.553087 -1.21865 -0.0018812
153 -0.766695 -1.33122 -0.00265203
154 -0.607867 -1.44147 -0.00245471
155 -0.488438 -1.45667 -0.00214333
156 -0.73019 -1.35705 -0.00258426
157 -0.530669 -1.5163 -0.00188805
158 -0.231674 -1.22034 -0.00122158
159 -0.158837 -1.21791 -0.0011016
160 0.467727 -0.869867 0.000226449
161 0.91577 -1.34093 -0.000317
162 1.03515 -4.82111 0.00144938
163 -1.41092 -4.35432 0.00516433
164 -5.83393 4.2787 -0.000372185
165 -3.60362 7.05392 0.000814724
166 -2.37504 7.59328 -0.000840139
167 -9.11247 7.04462 -0.00746212
168 -15.6528 6.90546 -0.0156446
169 -17.2059 9.59111 -0.0208395
170 -16.3823 8.78883 -0.0232225
171 -10.0269 5.45612 -0.0169511
172 -3.96114 2.8946 -0.0100131
173 -3.16233 2.43461 -0.00816641
174 -5.41887 3.33906 -0.00659184
175 -12.0464 11.5634 -0.0193897
176 -11.0901 11.1408 -0.018043
177 -10.957 9.3825 -0.0154862
178 -8.1558 11.0029 -0.0123677
179 -7.90323 8.23578 -0.0111244
180 -7.9485 4.42542 -0.0129686
181 -10.4555 2.64298 -0.0148158
182 -8.89352 2.85805 -0.0100563
183 -8.81479 5.88224 -0.013891
184 -9.79455 4.71267 -0.0141684
185 -9.35591 4.62224 -0.0122295
186 -8.65479 4.70057 -0.0115762
187 -8.37787 3.6149 -0.0124563
188 -8.40054 2.84501 -0.0110904
189 -9.80971 3.06794 -0.0131775
190 -10.3632 4.06317 -0.0131883
191 -10.3494 4.12697 -0.0142715
192 -11.2747 3.68224 -0.0146106
193 -11.1219 4.34657 -0.0151525
194 -10.4681 4.0414 -0.0141952
195 -9.6397 3.06356 -0.0120032
196 -8.89808 4.02094 -0.0114515
197 -7.82955 3.26534 -0.0100447
198 -8.56508 2.60323 -0.0098613
199 -7.51231 2.99556 -0.00848191
200 -7.28217 3.22792 -0.00838319
201 -6.1634 3.45241 -0.00678587
202 -5.90705 2.59554 -0.0061127
203 -3.703 1.61954 -0.00334718
204 -1.49846 0.168251 0.000171743
205 2.02768 -0.38082 0.00383659
206 4.91132 -0.902135 0.00721377
207 7.43635 -1.34002 0.0102026
208 8.33228 -2.22436 0.0134975
209 8.4389 -3.28582 0.0142588
210 8.93249 -4.9902 0.0156921
211 7.02801 -6.62359 0.0144879
212 9.46661 -7.15555 0.0168457
213 10.88 -9.86753 0.0180374
214 12.1553 -12.8509 0.0199101
215 12.1813 -14.7222 0.0202215
216 12.3061 -15.9958 0.0205183
217 12.4294 -15.3166 0.0230662
218 9.19773 -11.9661 0.0205847
219 8.95973 -7.29127 0.0191743
220 10.6895 -4.54714 0.0181969
221 14.1302 -2.94906 0.0229977
222 15.11 -1.45713 0.0226424
223 18.4157 -1.21155 0.0231643
224 21.517 -3.15572 0.0230541
225 24.3698 -7.41089 0.0262308
226 20.1174 -8.84747 0.021533
227 14.3914 -8.1352 0.0172151
228 6.58551 -4.45229 0.0122899
229 2.61809 -0.041332 0.00698842
230 0.526771 0.412828 0.00397832
231 -0.366179 0.315413 0.00242118
232 1.20279 -0.0483915 0.00253207
233 2.07547 -1.58658 0.0033777
234 2.38693 -2.20816 0.00381179
235 0.209542 -1.76107 0.00407196
236 -2.93466 4.68163 -0.0039038
237 -1.22724 1.95765 -0.001205
238 -0.176729 1.73711 -0.00143599
239 0.415275 0.421807 0.000111947
240 -0.236446 1.66513 -0.000985273
241 0.82357 2.48554 -0.00127748
242 1.02377 1.71081 -0.000627914
243 1.49567 2.24829 -0.000603993
244 1.77492 2.64047 -0.000754241
245 1.72727 2.38761 -0.000853783
246 2.25608 2.78571 -0.000924941
247 2.44918 3.87807 -0.000989773
248 2.28457 3.00924 0.000116222
249 2.37245 3.17942 -0.00071063
250 3.81988 2.02315 -0.000781858
251 4.87066 -0.7437 -1.33532e-05
252 2.10302 -2.32721 0.00142352
253 0.243085 -0.264868 -0.000151209
254 0.222547 0.300111 -0.000646372
255 0.38625 0.0467813 -0.000297585
256 0.341074 -1.0859 -0.00147378
257 0.959528 -2.41678 -0.000622021
258 1.18801 -2.81743 0.000274684
259 -0.634564 -3.78445 -0.000605492
260 -1.47774 -1.96353 0.000106315
261 0.268823 -0.114746 -0.000354023
262 -0.0821717 -1.41156 -0.000193796
263 -0.440026 -1.75817 -0.000561019
264 0.196162 -1.13971 -0.000388336
265 0.142506 -0.331909 0.000223911
266 0.0671971 0.874989 0.000525007
267 -0.0168939 2.05636 -0.000215361
268 -0.187651 3.17567 -0.000539106
269 0.321512 1.11401 -0.000647153
270 0.487907 -0.573426 0.000837944
271 -0.696392 0.638763 0.00018375
272 -1.51845 3.84681 -0.00256931
273 0.396112 2.91132 -0.000344573
274 0.287168 1.37131 -0.000416708
275 0.23636 0.916464 -0.000103435
276 0.302627 0.962411 0.000306736
277 0.12981 1.40886 0.000332413
278 0.193711 2.36539 0.000405473
279 -0.155847 2.8458 0.000173963
280 0.024067 1.87629 0.000179457
281 -0.178132 0.11551 0.000136002
282 -0.708904 -0.662949 0.000725619
283 -0.995397 0.632719 -0.000221927
284 -0.79799 0.0241066 0.000511786
285 -1.56835 -1.24982 0.000523171
286 -1.56103 -0.389745 0.000684708
287 -1.44288 -0.177645 1.02529e-05
288 -1.7262 -1.57377 0.000711251
289 -2.08101 -2.03987 0.000712346
290 -2.65128 -2.28205 0.000347881
291 -3.83903 -2.0943 -0.00155738
292 -5.189 -1.08708 -0.00290205
293 -4.11567 -0.525651 -0.00188935
294 -3.76758 -1.08751 -0.000330516
295 -5.45578 -0.156788 -0.00446464
296 -4.31518 -0.209553 -0.00173408
297 -3.54959 1.57255 -0.00331468
298 -2.9201 1.36644 -0.0029107
299 -2.96617 1.35483 -0.00325733
300 -2.26679 2.65013 -0.00267544
301 -1.27957 4.19828 -0.00329783
302 -0.0728129 3.9655 -0.00254317
303 0.702508 3.4948 -0.00161074
304 2.60873 4.12187 0.00246402
305 5.08623 3.58114 0.00421118
306 4.32864 2.68785 0.00279301
307 2.71893 2.56013 0.000662871
308 2.28492 2.69457 0.000562584
309 2.5015 2.76893 0.000389577
310 1.57351 2.68947 -0.000943286
311 1.2958 2.40533 -0.00019393
312 1.3029 2.32674 0.000530564
313 1.45699 2.40089 0.000605846
314 0.60491 0.928505 0.000407476
315 0.661574 0.865259 0.000684444
316 0.340496 0.774422 0.000221893
317 0.14559 0.399314 -0.000118716
318 -0.0617194 -0.0819996 0.000241923
319 -0.223257 -0.157936 0.000222461
320 -0.195011 -0.0340697 2.85202e-05
321 -0.1509 -0.273826 0.000305355
322 -0.305992 -0.347504 -5.61092e-05
323 -0.334133 -0.151172 -9.01423e-05
324 -0.163404 -0.0286927 -0.000181998
325 -0.048264 -0.00213634 0.000224882
326 -0.066905 0.0182323 0.000391354
327 -0.390178 0.0980785 0.00023293
328 -0.150359 0.169039 0.000245183
329 -0.307349 -0.17081 0.000195511
330 -0.219108 -0.202529 0.000610761
331 -0.209992 -0.310674 0.00053207
332 -0.249226 -0.460129 0.000435338
333 -0.401411 -0.698717 0.000617168
334 -0.411945 -0.292839 0.000491626
335 -0.667909 -0.397549 0.000321338
336 -0.774812 -0.38076 0.000221182
337 -0.758086 -0.276713 0.000497642
338 -0.975156 -0.086406 0.00030992
339 -1.0822 -0.136445 -4.56295e-05
340 -1.03142 -0.220928 2.53728e-05
341 -1.03836 -0.313936 0.000100448
342 -0.830264 -0.156435 0.000191151
343 -0.603953 -0.237268 0.000374678
344 -0.52134 -0.179345 0.000185723
345 -0.531933 -0.0824844 0.000121586
346 -0.364331 0.114434 4.91358e-05
347 -0.22188 0.0525388 6.08389e-05
348 -0.14535 0.116044 6.5578e-05
349 -0.0532256 0.107615 -3.03228e-07
350 0.209654 0.194321 0.000336853
351 0.149299 0.0408934 0.00020762
352 0.0435193 0.0947285 0.000117902
353 0.0898214 0.222058 0.000112487
354 0.0861211 0.266523 8.55059e-05
355 0.0544506 0.208173 3.92576e-05
356 0.0310582 0.237414 -4.76562e-05
357 0.107373 0.382415 -0.000339507
358 0.274535 0.208927 -8.881e-05
359 0.173374 0.0847963 -0.000576685
360 0.539816 0.268368 6.22756e-06
361 0.509551 0.273571 -0.000234666
362 0.671709 0.361571 -0.000138327
363 0.731117 0.248984 -8.37608e-05
364 0.960298 0.341989 -8.24005e-05
365 1.00208 0.44378 -0.000382219
366 1.13187 0.230933 -0.000149379
367 1.19991 0.208022 -0.000125829
368 1.26082 0.308125 -0.000144826
369 1.08422 0.207437 -0.000425572
370 1.18411 0.184058 0.000212306
371 0.83346 0.400188 -0.000478316
372 0.754054 0.580002 -0.000257427
373 0.775162 0.617254 8.51957e-05
374 0.344669 0.544033 -8.48796e-05
375 0.0058303 0.354756 3.27226e-05
376 -0.142624 0.367167 0.000109753
377 -0.614874 0.0635026 0.000112947
378 -1.02443 -0.0075052 -3.8046e-05
379 -1.29621 -0.152608 0.000550491
380 -1.82742 -0.581539 0.000886081
381 -0.804485 0.962865 -0.000759347
382 -1.18898 0.536941 -0.000513906
383 -1.59756 0.500815 -0.000377712
384 1.746 0.675218 0.00188494
385 -0.274145 -0.115668 0.00121736
386 -0.687791 -0.223205 0.00110239
387 -1.3808 -0.649312 0.00116429
388 -1.64434 -0.83677 0.00129205
389 -2.21121 -0.72777 0.00118426
390 -2.48726 -1.01232 0.0011318
391 -2.69087 -0.85702 0.000713276
392 -2.8414 -0.867712 0.000349235
393 -3.57687 -1.19083 0.000174569
394 -3.57392 -1.29304 0.000457667
395 -3.32057 -1.40791 0.000693256
396 -3.85628 -1.54997 0.000742686
397 -3.74552 -1.61584 0.00130458
398 -3.76931 -1.60271 0.00102139
399 -3.62266 -2.20505 0.00220642
400 -3.29495 -2.05449 0.001922
401 -3.82235 -1.90453 0.0010459
402 -3.39215 -1.78664 0.000970876
403 -2.90114 -1.83588 0.0012191
404 -2.85417 -1.3894 0.000765034
405 -2.31094 -1.0329 0.000234167
406 -1.85767 -0.821464 0.000218428
407 -2.08727 -0.758253 -7.12828e-06
408 -2.29455 -1.25897 0.000557153
409 -2.57837 -1.30624 0.000560605
410 -2.65937 -1.53538 0.000565927
411 -2.72548 -1.41943 0.000316483
412 -2.7055 -1.14853 6.85411e-05
413 -2.46224 -0.860452 -0.000242874
414 -2.24617 -0.837685 -0.000356175
415 -1.84872 -0.795029 9.3487e-05
416 -1.91751 -0.759058 -7.22551e-05
417 -1.98704 -0.671732 -0.000169126
418 -2.17489 -0.715073 -0.00035767
419 -2.04637 -0.399286 -0.000683546
420 -2.29463 -0.759359 -0.000584849
421 -2.01711 -0.84765 -9.51897e-05
422 -1.7667 -0.890943 -8.64613e-05
423 -1.45413 -0.967517 0.000324034
424 -1.70532 -0.631042 -0.000353224
425 -1.76439 -0.68297 -0.000398495
426 -1.81178 -0.371586 -0.00108873
427 -1.78615 -0.238652 -0.000962629
428 -1.86771 -0.0430014 -0.00105984
429 -1.81444 -0.298044 -0.000785141
430 -1.9221 -0.360666 -0.00100228
431 -1.82263 -0.295718 -0.000831145
432 -1.76135 -0.237404 -0.000609386
433 -2.39584 -0.169533 -0.00139599
434 -2.74065 -0.00110134 -0.0018965
435 -2.95529 -0.182827 -0.00160764
436 -2.86395 -0.388974 -0.0012069
437 -3.37434 -0.182016 -0.00199213
438 -3.571 0.292606 -0.00294497
439 -3.26188 -0.317366 -0.00160856
440 -3.72269 -0.2391 -0.00187255
441 -2.75362 -0.267856 -0.00118142
442 -2.91334 -0.502124 -0.00102603
443 -2.36867 -0.84687 0.0002127
444 -1.77178 -0.764942 0.000368963
445 -1.1561 -1.06423 0.00108631
446 -0.272932 -1.05625 0.00178873
447 0.568166 -1.12395 0.00262079
448 1.17358 -1.45252 0.00329596
449 1.24392 -1.35344 0.00327276
450 1.31752 -1.37544 0.00320288
451 1.18295 -1.03874 0.0026346
452 0.909986 -0.727576 0.00200685
453 0.429185 -0.461755 0.00115758
454 -0.392375 0.28219 -0.000782224
455 -1.12589 1.14435 -0.0026842
456 -1.91332 1.69305 -0.0042345
457 -2.27744 2.26969 -0.00540576
458 -2.49504 2.35761 -0.00540604
459 -3.44151 4.29277 -0.00878021
460 -3.22714 3.60341 -0.00746829
461 -3.33402 2.65335 -0.00656654
462 -3.39539 1.92217 -0.00593394
463 -1.62309 1.32428 -0.00364849
464 -0.972475 1.05173 -0.00269812
465 -0.949727 1.12738 -0.00239206
466 -1.35251 0.647687 -0.00236389
467 -0.923584 0.150233 -0.00109611
468 -0.0142353 0.0605293 4.56298e-06
469 0.211605 -0.0286627 -0.000128851
470 0.789071 -0.292892 0.00106981
471 1.05303 -0.00636146 0.00067604
472 1.48206 0.390934 0.000378094
473 2.0092 0.553802 0.000640962
474 2.10748 0.626359 0.000449667
475 2.33335 0.568854 0.000652433
476 1.82907 0.526545 0.000246567
477 1.93919 0.590895 0.000484613
478 1.89733 0.648361 0.000416112
479 1.86168 0.799505 2.42684e-05
480 1.66837 1.03742 -0.000491495
481 1.27391 0.535528 -0.000234377
482 1.8603 0.382445 0.000830408
483 1.62265 -0.0331386 0.00129688
484 1.73267 0.123325 0.000969296
485 1.44348 0.06332 0.000681135
486 1.33201 0.211303 0.000485819
487 1.28826 0.339501 0.000483077
488 1.13519 0.326215 0.00030663
489 0.839794 0.271487 0.000279991
490 0.525416 0.381598 -0.000105226
491 0.128908 0.006803 0.000243432
492 -0.569968 -0.321468 3.3134e-05
493 -1.05612 -0.530728 3.27238e-06
494 -1.52161 -0.575143 0.000181674
495 -2.21422 -0.633145 -0.000254862
496 -1.45983 -0.438425 6.59312e-05
497 -3.06155 -0.81502 -0.000898536
498 -3.08362 -0.929489 -0.000297472
499 -3.57338 -0.489443 -0.00189735
500 -4.37129 -0.271041 -0.00254213
501 -4.14498 0.612695 -0.00370894
502 -3.45298 0.911051 -0.00377884
503 -3.24539 1.99458 -0.00537413
504 -3.55155 1.44693 -0.00484605
505 -3.20142 1.56181 -0.00460757
506 -2.43498 1.04459 -0.0030672
507 -2.37311 0.62789 -0.00276255
508 -2.23508 0.21411 -0.00178872
509 -1.91711 -0.273489 -0.000915357
510 -1.28673 -0.500248 -0.000249587
511 -0.49228 -0.270563 0.000238363
512 0.431839 -0.320527 0.000886375
513 0.853347 -0.367116 0.00106421
514 0.932027 -0.188927 0.00102755
515 0.842634 -0.201844 0.000940564
516 0.606179 -0.232399 0.000848822
517 0.643405 -0.146507 0.00047547
518 0.629028 -0.0501643 0.000495468
519 0.64731 -0.0624264 0.000560732
520 0.725265 0.0588433 0.000269563
521 0.887646 0.213188 0.000463641
522 0.821691 -0.102077 0.000259405
523 1.0692 -0.0109165 0.000758725
524 1.21596 0.051534 0.000841494
525 0.873772 0.134556 0.000448165
526 0.726156 0.0787681 0.000399265
527 0.663164 0.0763445 0.000463903
528 0.586529 0.079772 0.000499497
529 0.143342 -0.0770717 4.21195e-05
530 0.142864 -0.0266372 0.000228237
531 -0.0364918 -0.158373 0.000120766
532 -0.0585705 -0.164618 0.000355613
533 -0.0811288 -0.31973 0.000247169
534 0.513401 -0.0373232 0.000709911
535 0.447629 -0.00226909 0.000382391
536 0.367578 0.0910691 0.000189625
537 0.416762 -0.0267002 0.000162309
538 0.467405 0.239131 9.49033e-05
539 0.345762 -0.0668307 -0.000151652
540 0.372087 -0.0464655 0.000123726
541 0.259377 0.01315 0.000194255
542 0.478208 0.0443899 0.000338017
543 0.623369 -0.0387784 0.00051799
544 0.743994 -0.144398 0.000643312
545 0.768329 -0.248543 0.000870384
546 0.922897 -0.10894 0.000829584
547 0.514055 -0.13886 0.000353245
548 0.452849 -0.176121 0.000410443
549 0.517629 -0.046043 0.000356701
550 0.53455 0.136731 0.00041974
551 0.578122 0.0292951 0.000400027
552 0.636957 0.072372 0.000256371
553 0.550283 0.0827269 0.000152867
554 0.18653 -0.166872 -5.20967e-05
555 0.492378 -0.0165719 0.000360927
556 0.221238 -0.0544688 0.000184228
557 0.116834 -0.0332965 0.000191459
558 -0.019165 0.0132687 -0.000203279
559 -0.247081 0.0383254 -0.000139414
560 -0.165814 0.0704553 -0.000177202
561 -0.174722 0.0530073 -7.60539e-05
562 -0.176118 -0.0807286 -9.75918e-05
563 -0.132316 -0.137979 0.00016807
564 -0.0450885 -0.17516 0.000282522
565 0.10377 -0.126094 0.000555187
566 0.325095 -0.00659417 0.000531619
567 0.26774 -0.204249 0.000503965
568 0.203269 -0.20032 0.000387027
569 0.31921 -0.130984 0.000512917
570 0.204813 -0.183065 0.000499653
571 0.176738 -0.118851 0.000478067
572 -0.035812 -0.305778 0.000689651
573 -0.252206 -0.411454 0.000464836
574 -0.41738 -0.353597 0.000166984
575 -0.420255 -0.382692 0.000472609
576 -0.902692 -0.167257 -0.000542497
577 -0.518211 -0.426223 0.000432678
578 -0.528934 -0.169929 1.96428e-05
579 -0.400751 -0.080236 -9.45055e-05
580 -0.291811 0.0249408 -0.000107185
581 0.0541654 0.216143 -0.000404633
582 0.345868 0.507452 -0.00060793
583 0.31559 0.354507 -0.000322451
584 0.374685 0.250263 -0.000303586
585 0.203821 -0.178571 0.00016993
586 0.284325 -0.238401 0.000273898
587 0.475058 -0.387058 0.000956088
588 0.644689 -0.238691 0.000845865
589 0.859682 -0.107119 0.00104544
590 0.596523 -0.326295 0.00125974
591 0.427421 -0.375719 0.00113727
592 0.15338 -0.487134 0.000975404
593 -0.086422 -0.742073 0.00147446
594 -0.451927 -0.874748 0.00149814
595 -0.679286 -1.03332 0.00161284
596 -1.15081 -1.13135 0.00156443
597 -0.804274 -0.914927 0.0015462
598 -1.07953 -0.745407 0.000961965
599 -1.06878 -0.654164 0.000525675
600 -0.196427 -0.955344 0.00177514
601 -0.342246 -0.63155 0.000972191
602 -0.309557 -0.393092 0.000439814
603 -0.165756 -0.275709 0.000381168
604 -0.0463507 -0.0824566 0.000171727
605 0.022334 0.0828478 0.00024283
606 -0.105278 -0.00594228 2.36657e-05
607 -0.105373 -0.0135459 0.000249633
608 -0.0385554 -0.185642 0.000496323
609 -0.0957208 -0.17238 0.000484095
610 0.0563941 -0.346556 0.000640707
611 0.146317 -0.35475 0.000807341
612 0.109182 -0.407209 0.000645162
613 0.0876385 -0.278501 0.00057779
614 -0.0294845 -0.0881209 0.000308547
615 -0.253227 0.206638 -0.000527979
616 -0.811309 0.471606 -0.00153111
617 -1.20149 0.623924 -0.00211188
618 -1.65562 0.715901 -0.00263748
619 -2.24463 1.35259 -0.00382715
620 -3.35553 1.57221 -0.00513745
621 -4.32441 1.826 -0.00663935
622 -4.84101 1.65917 -0.0067472
623 -4.50423 0.998477 -0.00493483
624 -5.34027 0.765936 -0.00567577
625 -4.09119 1.22213 -0.00509495
626 -3.27937 0.477683 -0.00334634
627 -2.70195 0.13524 -0.00230059
628 -1.78297 0.0566249 -0.00135313
629 -1.34255 -0.0312386 -0.00104251
630 -1.14697 -0.416558 -0.00037271
631 -0.853767 -0.362762 -0.000165382
632 -0.565662 -0.392145 0.000362999
633 -0.219877 -0.143477 0.000558649
634 0.0998084 -0.155141 0.000577819
635 -0.233218 0.197127 -0.000238595
636 -0.426004 0.729242 -0.00153683
637 -0.472249 1.11342 -0.00189032
638 -0.537326 1.23399 -0.00209425
639 -0.493174 0.442621 -0.00104144
640 0.355195 0.00320864 0.000225162
641 0.600456 -0.222276 0.000661069
642 0.995692 -0.243861 0.000892086
643 1.38761 -0.403995 0.00158021
644 1.79358 -0.176727 0.00157005
645 1.07708 -0.171807 0.000626183
646 1.72261 0.0461417 0.00110657
647 2.59069 -0.23062 0.00209881
648 2.02888 -0.262057 0.00170378
649 2.68047 -0.39683 0.00240504
650 2.22681 -0.673177 0.00264959
651 2.30003 -0.589734 0.00248509
652 2.52626 0.0178954 0.00175207
653 2.43883 0.234008 0.00146115
654 1.84955 0.482308 0.000468538
655 2.0162 0.28607 0.00108741
656 1.8726 0.372514 0.000877693
657 1.9055 0.19063 0.00106752
658 2.03788 0.217652 0.00105672
659 2.03474 0.292088 0.00130726
660 1.91488 0.201146 0.000994581
661 2.02392 0.292221 0.00101571
662 1.78524 0.314408 0.000724737
663 1.66803 0.331688 0.000699814
664 1.57951 0.143794 0.000985375
665 1.40676 0.201345 0.00077815
666 1.36823 0.268865 0.00069751
667 1.19915 0.235398 0.000655095
668 0.695182 0.012015 0.000575731
669 0.5909 0.0496713 0.000533947
670 0.770132 -0.247489 0.00126113
671 0.747418 -0.413022 0.00145058
672 0.789962 -1.15313 0.00250325
673 0.796277 -1.39812 0.00299968
674 0.699283 -1.79235 0.00368671
675 0.537402 -1.95382 0.0039816
676 0.0953339 -2.48098 0.00434812
677 -0.243573 -2.54114 0.00439661
678 -0.66296 -2.72302 0.00377826
679 -1.02323 -2.62317 0.00380228
680 -1.34046 -2.70831 0.00339162
681 -1.128 -2.24655 0.00321516
682 -1.042 -2.14407 0.00272158
683 -1.22774 -1.9589 0.00255634
684 -1.08338 -1.56572 0.00212724
685 -1.39325 -1.40643 0.00139084
686 -1.37591 -1.24282 0.00118565
687 -1.1966 -1.16069 0.0011534
688 -0.88354 -0.858395 0.00107951
689 -0.524836 -0.987453 0.00119872
690 0.0341871 -0.723951 0.00143979
691 0.503667 -0.679104 0.00165084
692 0.968967 -0.549273 0.00197509
693 1.40955 -0.386523 0.00184874
694 1.76978 0.0283664 0.00110112
695 2.40247 0.229929 0.00159786
696 2.36535 0.243017 0.00141115
697 2.3244 0.17257 0.00130763
698 2.23089 0.212146 0.0013409
699 1.72386 0.00528206 0.00149064
700 0.911905 -0.614034 0.00158649
701 0.331238 -0.664734 0.00136275
702 -0.514197 -0.846755 0.00105705
703 -1.01574 -0.868244 0.000915283
704 -1.41027 -1.08521 0.000638323
705 -1.51882 -0.905056 0.000324125
706 -1.76989 -0.932682 0.000426939
707 -1.88606 -0.860873 -6.7342e-06
708 -1.98283 -0.782058 5.15604e-05
709 -2.09035 -0.770607 -0.000211934
710 -1.54397 -0.718623 -3.84816e-05
711 -1.40683 -0.440342 -0.000174165
712 -1.12715 -0.445878 -7.32706e-06
713 -0.865565 -0.464187 0.000102576
714 -0.753599 -0.266148 -0.000277229
715 -0.608638 -0.379718 0.000245181
716 -0.638537 -0.188268 3.3926e-06
717 -0.588136 -0.289078 0.000180522
718 -0.637223 -0.385142 0.000196732
719 -0.637665 -0.239005 -0.000289682
720 -0.0529506 0.06891 1.83033e-05
721 0.471824 0.192777 0.000268923
722 1.15895 0.382429 0.000251558
723 2.37715 0.722079 0.000682819
724 3.40327 1.1504 0.000477123
725 5.14549 1.80379 0.000965254
726 5.32673 1.32103 0.00187172
727 6.49766 0.917173 0.00300194
728 6.07217 0.831709 0.00283559
729 6.9605 1.99626 0.00192196
730 6.91387 0.860214 0.00314753
731 7.32839 1.13164 0.00311259
732 7.251 1.27227 0.00308026
733 6.21966 1.34399 0.00209124
734 5.66179 1.60215 0.000935048
735 5.85323 1.72159 0.000715576
736 6.18995 1.45776 0.00136528
737 6.11058 1.92163 0.000655038
738 6.82008 1.85461 0.00100569
739 7.01691 1.87233 0.000629512
740 8.05279 1.81984 0.00174658
741 8.17055 1.77237 0.00155085
742 8.52553 2.06408 0.00151184
743 8.63665 2.01092 0.00156448
744 7.91871 2.24078 9.4781e-06
745 8.25022 1.96634 0.00143731
746 6.57634 2.06082 -0.000310418
747 6.17099 1.92638 -0.000600605
748 5.87669 1.91727 0.000136478
749 4.96095 1.67735 -0.000152905
750 4.52805 1.66317 0.000204209
751 3.25327 1.48482 -0.000620198
752 2.51078 1.44756 -0.0010213
753 2.30824 1.37488 -0.000921374
754 2.01877 1.64638 -0.00159087
755 2.00352 1.7436 -0.00203787
756 1.94757 1.763 -0.00154816
757 1.70812 1.81876 -0.00179019
758 1.60729 1.9383 -0.00208765
759 1.3509 1.48451 -0.00181513
760 1.47147 2.05773 -0.00217743
761 1.24243 2.06573 -0.00244435
762 1.26057 2.56176 -0.00316211
763 0.83394 2.16601 -0.00314773
764 0.885036 2.88419 -0.00390464
765 -0.0388612 2.25267 -0.00382696
766 -0.283017 1.62177 -0.00334798
767 -0.8792 2.18718 -0.00481157
768 -0.768889 2.79818 -0.00543279
769 0.316436 1.35735 -0.00221
770 0.09098 -0.50493 0.000678775
771 -0.066146 0.759109 -0.00172638
772 0.318114 0.77323 -0.00128514
773 0.10703 -0.015236 -0.000271088
774 0.00156106 -0.0949404 -0.000112232
775 0.0144554 -0.0941638 -0.000258665
776 0.0584379 0.149811 -0.000239421
777 0.138496 0.165452 -6.17e-05
778 -0.0352041 0.141724 -0.000525342
779 0.0386426 0.186228 -0.000277776
780 -0.00542492 -0.0234345 -0.000115057
781 0.0760387 -0.0152147 0.000105646
782 -0.0122944 -0.122783 0.000205547
783 -0.0681127 -0.195634 0.000179354
784 -0.116222 -0.0826695 -0.000124427
785 -0.154728 -0.189801 -0.000265864
786 -0.100529 -0.151609 -0.000243527
787 -0.154096 -0.165256 -0.000313054
788 -0.103129 -0.105725 -5.14832e-05
789 -0.0186019 0.0915829 -0.000170035
790 -0.151439 0.0594658 -0.000586419
791 -0.088273 -0.0568504 -0.000239308
792 0.121996 0.100006 -0.000182856
793 0.129544 -0.0382739 -0.000175209
794 0.20555 0.0565481 -0.000161696
795 0.245686 0.0275344 -1.8555e-05
796 0.285046 0.00362776 -5.67084e-05
797 0.250237 0.0193036 -0.000205218
798 0.242392 -0.0466842 -7.53566e-05
799 0.395762 0.029595 1.54739e-05
800 0.328594 0.00465281 -0.000205746
801 0.440619 -0.106028 -3.91133e-05
802 0.469188 -0.216986 0.000138771
803 0.385435 -0.135136 -6.12393e-05
804 0.478392 -0.0790181 0.000105671
805 0.396323 -0.349692 4.78581e-05
806 0.324326 -0.433261 2.81814e-05
807 0.25564 -0.479676 3.85396e-05
808 0.249665 -0.310384 -0.000262745
809 0.111374 -0.479417 -1.27288e-06
810 -0.114761 -0.379849 -0.000185975
811 0.0283046 -0.120008 0.00010554
812 -0.116459 -0.146595 -0.000138342
813 -0.0372432 -0.0323292 -5.78069e-05
814 -0.0296474 0.0356772 -0.000172567
815 0.0346083 0.22961 -0.000661262
816 0.139189 0.129591 -0.000778518
817 0.147302 0.168497 -0.00115808
818 0.20633 0.261042 -0.000901851
819 0.0468127 0.0862704 -0.000807292
820 0.233463 0.0983745 -0.000228424
821 0.0232973 -0.0720011 -0.000158465
822 0.0122433 0.0508069 2.00615e-05
823 0.127209 0.0981603 0.000194948
824 -0.0216828 0.00267862 0.000111525
825 -0.0455105 -0.0298243 5.91713e-05
826 0.0741748 0.0974787 3.81884e-05
827 0.122442 0.0466193 -7.7301e-05
828 0.0116943 -0.0536854 -9.63897e-05
829 0.142197 0.118048 -2.80346e-06
830 0.054169 0.030365 -0.000163305
831 0.134967 -0.0353407 -7.23311e-06
832 0.176015 -0.0504701 0.00018138
833 0.0840158 -0.0233858 -7.9981e-05
834 0.100897 0.0169316 -6.99436e-05
835 -0.0238915 -0.0987927 -0.000254949
836 -0.0159596 -0.0798219 5.69482e-05
837 0.0260379 0.00916052 0.000121399
838 0.00126682 0.011509 0.000107069
839 -0.0443124 -0.0425021 0.00015085
840 -0.0203959 0.050049 8.3778e-05
841 -0.061533 0.0673248 9.9853e-06
842 -0.0171405 -0.0040874 0.000220504
843 -0.0674274 7.59085e-05 0.000100768
844 -0.006643 0.0765506 0.000101404
845 -0.0853663 0.0577693 5.79337e-05
846 -0.121242 -0.0984119 9.19925e-05
847 -0.0971431 0.033069 0.000131713
848 -0.155404 0.0258109 -5.42891e-05
849 -0.0950477 0.0431262 -0.000118617
850 -0.0751429 0.0407449 -5.72625e-05
851 -0.223896 -0.0421986 -0.000193729
852 0.0519688 0.0930402 0.000147983
853 -0.0235317 0.0172196 0.000100275
854 -0.0291744 0.0512486 -2.496e-05
855 -0.0177586 -0.00948646 0.000101468
856 0.00750678 0.107779 -3.96379e-05
857 -0.0550299 -0.031893 -6.67423e-05
858 -0.0851277 -0.0154232 -5.48022e-05
859 -0.0503127 0.00500878 1.43553e-05
860 -0.0767912 0.0419401 -0.000196012
861 0.0473199 -0.00621022 3.65347e-05
862 -0.0734907 -0.00324947 -8.04228e-05
863 -0.0997474 0.0390647 -0.000297836
864 0.0537057 -0.0112205 0.00018009
865 -0.0746754 -0.0738996 -9.75478e-06
866 -0.00168361 0.00155153 2.72669e-05
867 -0.0510012 0.0274028 -0.000125928
868 -0.0771822 -0.0169432 -6.08135e-05
869 -0.0924248 -0.0325023 -6.04459e-05
870 -0.146617 0.0692983 -0.000196659
871 -0.0208025 0.0474802 1.32971e-05
872 -0.122898 -0.00552502 -0.00011828
873 -0.102657 0.00501034 -2.05007e-06
874 -0.142503 0.0705931 -0.000183664
875 -0.107465 0.0113473 -0.000104549
876 -0.0643882 -0.0683779 6.72942e-05
877 -0.0913756 -0.0114182 4.28206e-05
878 -0.0306184 0.0283535 7.36098e-05
879 -0.141889 0.0167762 -0.000227476
880 -0.0261385 -0.0102402 2.48661e-05
881 -0.0643599 -0.0125685 -3.26534e-05
882 -0.0174842 0.0632712 -0.000132747
883 0.00853092 -0.0165844 1.73793e-05
884 -0.0365121 -0.0563432 -3.17951e-05
885 0.0401304 0.0712802 3.38885e-05
886 0.0888098 0.0622715 2.70493e-06
887 0.157057 -0.0220995 0.000214175
888 -0.107402 -0.103823 -6.85116e-05
889 0.220172 0.149935 0.000233223
890 0.0111833 -0.00337306 -0.000101692
891 -0.03341 -0.0575877 -7.66183e-05
892 -0.172776 -0.0825682 -0.000251277
893 -0.0419496 0.00937242 -5.07251e-05
894 0.0238381 0.061114 -4.28327e-05
895 0.0150773 -0.0108641 -9.76761e-06
896 0.0958745 -0.0660041 0.000242098
897 -0.0169925 0.0238442 -6.08801e-06
898 0.101789 0.0152623 3.26985e-05
899 -0.00334329 -0.022977 1.55953e-05
900 0.076724 -0.0161244 0.000153727
901 -0.0844317 -0.0543264 -0.000130776
902 -0.0445965 -0.0125596 -2.03238e-05
903 -0.0242266 -0.0109758 6.49643e-05
904 -0.0988381 -5.2097e-05 -7.42392e-05
905 -0.0359722 -0.0112119 3.8434e-05
906 -0.0036987 -0.0518586 0.000113814
907 0.0440468 0.037343 0.000107974
908 -0.0582268 -0.00452188 -6.78919e-05
909 -0.0181373 -0.00146858 -9.65161e-05
910 -0.000921887 -0.0244148 8.26344e-05
911 -0.0210593 0.00743521 -4.49324e-06
912 0.0672701 0.0725247 4.33286e-05
913 0.09223 0.00259205 0.000138346
914 0.0492732 -0.0110705 8.62119e-05
915 -0.173412 -0.00535867 -0.000320428
916 0.0708831 0.0378484 0.000245865
917 -0.0427657 -0.010187 -5.35552e-05
918 -0.0281955 -0.0075035 -4.6066e-05
919 -0.00872023 0.0306844 -2.61244e-05
920 -0.0461527 -0.038193 -5.6945e-05
921 0.0448982 0.0430963 2.60985e-05
922 -0.0243674 -0.0349866 -0.000148386
923 0.0540582 0.0283825 0.000207741
924 0.0552096 -0.00584971 0.000190836
925 -0.0110833 0.0126818 -1.40035e-05
926 0.0142711 0.00303448 7.15692e-05
927 -0.00155666 -0.0134905 -3.86882e-05
928 0.0281766 -0.0358289 0.000189984
929 0.0271364 0.0355708 9.48232e-05
930 -0.0686242 0.00625271 -4.03633e-05
931 0.0461983 0.00571107 0.000123321
932 -0.0574849 -0.0110872 -7.39774e-05
933 0.0218651 0.00270812 2.81609e-05
934 -0.126099 0.0217211 -0.000187631
935 0.117768 0.0315179 0.000132688
936 0.0464355 0.00622553 -9.9466e-06
937 -0.12655 -0.0614277 -0.000177969
938 -0.0232705 0.0173173 -5.99731e-06
939 0.00108566 0.0307693 5.04387e-05
940 0.0278951 0.0236456 2.17197e-05
941 0.0011036 0.0177761 0.000101152
942 -0.103628 0.00826448 -2.31148e-05
943 -0.0122401 -0.00233041 0.000134988
944 -0.064819 -0.0433611 8.394e-06
945 0.0511698 -0.0517882 0.000190024
946 -0.169995 -0.0922627 7.31925e-05
947 -0.255643 -0.0321347 5.17225e-05
948 -0.42355 -0.0218651 -7.68816e-05
949 -0.53996 0.0492528 -0.000276463
950 -0.545782 0.165724 -0.000127966
951 -0.570199 0.231492 -0.000271828
952 -0.646242 0.340661 -0.00040927
953 -0.55176 0.389536 -0.000373969
954 -0.666183 0.37182 -0.000613847
955 -0.522175 0.242394 -0.000284138
956 -0.538041 0.338214 -0.000572758
957 -0.49375 0.248291 -0.0005832
958 -0.481609 0.182092 -0.000694893
959 -0.263003 0.342795 -0.000475165
960 -0.387195 0.294921 -0.000853824
961 -0.125606 0.418479 -0.000513207
962 -0.178408 0.458049 -0.000788084
963 -0.12221 0.487977 -0.000774312
964 0.00567454 0.401092 -0.000699372
965 0.174949 0.319188 -0.000277471
966 0.250111 0.261937 -0.000289164
967 0.182826 0.26858 -0.000529486
968 0.272553 0.164294 -0.000375073
969 0.211611 0.0770541 -0.000648382
970 0.209483 0.137303 -0.00136741
971 0.19604 0.0360938 -0.00081783
972 0.286488 -0.152407 -0.000150615
973 0.216954 -0.236722 8.76502e-05
974 0.192274 -0.281939 0.000258066
975 0.0306738 -0.189466 -4.78616e-05
976 0.130507 -0.0840259 -0.000155643
977 0.150137 -0.0761331 -0.00019454
978 0.149019 -0.0366143 -0.000233628
979 0.190944 0.0824725 -0.000585215
980 0.144384 0.0894451 -0.000586723
981 0.196559 0.0404276 -0.000751853
982 0.148606 0.0633265 -0.000945647
983 0.315658 0.0602176 -0.000984467
984 0.303814 0.0424585 -0.0010541
985 0.512852 0.043621 -0.00114373
986 0.489095 0.111156 -0.00140203
987 0.511399 0.0481087 -0.00133453
988 0.54764 -0.0094834 -0.00100815
989 0.608446 0.0590941 -0.00100776
990 0.74141 0.156635 -0.0010279
991 4.18898 1.73193 -7.95961e-05
992 0.558824 0.341698 -0.00188056
993 0.617232 0.097446 -0.0013591
994 0.581294 -0.203674 -0.000739419
995 0.549578 0.0296235 -0.00180701
996 0.652938 -0.0771738 -0.000901778
997 0.589575 -0.115231 -0.00106071
998 0.454243 -0.450859 -0.000590809
999 0.717576 -0.618395 0.000244783
1000 0.81077 -0.617089 0.000567443
1001 0.340958 -0.599262 -0.000581317
1002 0.370751 -0.357247 -0.000863007
1003 0.107042 -0.357232 -0.0011132
1004 0.157345 -0.27649 -0.000683062
1005 0.300029 -0.141235 -0.000338625
1006 0.37413 -0.336076 0.000174859
1007 0.245976 -0.343064 0.000200713
1008 0.243962 -0.263958 0.000362978
1009 0.15536 -0.131937 0.000228042
1010 0.136997 -0.098351 0.000398736
1011 0.112128 -0.0369809 0.000397501
1012 0.124927 0.0592298 0.000281748
1013 0.0765382 0.0800194 0.000376176
1014 0.166792 0.00342119 0.000855279
1015 0.187231 0.0275925 0.00121488
1016 0.142593 -0.0431993 0.0010316
1017 -0.0659302 -0.0377587 0.000585392
1018 0.0704765 0.0296578 0.000380467
1019 -0.087777 -0.0216286 1.3772e-05
1020 -0.0103161 -0.00823654 -0.000101017
1021 -0.014872 -0.0372268 -7.8546e-05
1022 0.0154763 -0.0718915 0.000111097
1023 0.0439433 -0.0575049 0.000224181
1024 0.152887 -0.0459303 0.000503089
1025 0.0992601 -0.00195547 0.000175093
1026 -0.0673954 -0.0494768 0.000123729
1027 0.027381 -0.00771454 7.79373e-05
1028 0.0252115 0.035631 4.84339e-06
1029 -0.175216 -0.0793386 -0.000185355
1030 -0.0418858 0.0258204 -4.45595e-06
1031 -0.0340498 0.146939 -0.000128901
1032 -0.250624 0.151706 -0.000688298
1033 -0.247506 0.214809 -0.000733178
1034 -0.295443 0.219455 -0.000860364
1035 -0.210932 0.19287 -0.000667522
1036 -0.271659 0.220056 -0.000747404
1037 -0.195429 0.0287889 -0.000448279
1038 -0.178176 0.104927 -0.000363908
1039 -0.0639899 0.112894 -0.000168278
1040 0.0197463 0.05905 9.1329e-05
1041 -0.00622208 0.0417407 2.36998e-05
1042 -0.0171478 0.0184802 -4.8343e-05
1043 0.0767026 -0.0200484 0.000130805
1044 -0.00609437 0.010639 -0.000116181
1045 -0.0262047 -0.0233288 -0.000109774
1046 0.0320543 -0.0620154 0.000138402
1047 0.105872 -0.0803553 0.000295456
1048 -0.00471866 -0.123258 0.000151723
1049 0.0474871 0.0376684 6.64804e-05
1050 0.0416831 -0.0348192 0.000140262
1051 0.0118524 -0.0730727 0.000135651
1052 0.0295865 -0.0406395 0.000182536
1053 0.113487 0.0498245 0.00013247
1054 -0.0477699 -0.0142076 1.95531e-05
1055 0.153253 -0.0382722 0.000208156
1056 -0.094469 0.00669776 -0.000138047
1057 0.0809354 0.0908619 6.41643e-05
1058 -0.0889126 0.0201709 -0.00014807
1059 -0.058437 -0.0540409 3.65929e-06
1060 -0.0401649 0.0465851 -0.000112641
1061 -0.0572403 0.0817643 -0.000176892
1062 -0.0519423 -0.0371707 -4.03593e-05
1063 -0.0385858 0.0299129 -0.000107522
1064 0.00145188 -0.00356207 -9.87178e-05
1065 -0.0799454 0.0204783 -0.000200363
1066 -0.0836287 0.0152202 -0.000154436
1067 -0.00427357 -0.0337701 3.94457e-05
1068 0.0360319 0.0686202 -0.000105064
1069 0.0205718 0.0202941 -2.27826e-05
1070 -0.0579145 0.026083 -0.000114494
1071 -0.0367738 0.0259834 2.62559e-05
1072 0.0154108 0.0943886 -0.000125874
1073 0.0580153 0.0482106 5.7865e-05
1074 0.0452861 -0.0385739 0.00011735
1075 -0.0308657 -0.00224767 -4.03286e-06
1076 -0.0465576 0.0328672 -0.000173491
1077 0.00182192 -0.0228497 2.90332e-06
1078 -0.10436 -0.102065 -0.000211503
1079 -0.00173608 -0.00771371 -4.59043e-05
1080 0.00636434 -0.00674914 4.86165e-06
1081 -0.0811672 -0.0041824 -0.000218646
1082 0.0137482 -0.0760735 0.000125488
1083 0.081202 0.0451364 3.49326e-05
1084 0.0047536 -0.013661 0.000110809
1085 -0.0806806 -0.01091 -0.000113596
