1 0 0 0
2 0.021941 -0.00247568 -1.9121e-05
3 -0.36145 0.0135034 0.000317654
4 0.686764 -0.043201 -0.000655195
5 1.19508 0.0539007 -0.000359761
6 0.400354 0.160283 -0.00118639
7 0.512264 0.144271 -0.00139531
8 0.708063 0.25387 -0.00125777
9 0.870291 0.464948 -0.00140487
10 1.29724 0.505574 -0.00152665
11 1.59448 0.437784 -0.00142305
12 1.3504 0.50932 -0.00122687
13 -0.172875 0.272994 -0.000472897
14 -0.823211 -0.598407 -0.000224287
15 -0.877864 -3.05963 0.00123401
16 -0.526238 -4.61875 0.00153873
17 0.023827 -5.75528 0.00206009
18 0.0773832 -5.89787 0.00203666
19 0.279336 -6.03291 0.00242674
20 0.313413 -5.83427 0.00266996
21 0.268849 -5.40871 0.00278041
22 0.134125 -4.96329 0.00270731
23 0.138349 -4.52816 0.00276184
24 0.238468 -4.14069 0.00266317
25 0.48733 -3.83937 0.00237449
26 0.580094 -3.03844 0.00142583
27 0.45981 -2.26265 0.000947437
28 0.365832 -1.06889 -2.65003e-05
29 0.815124 0.447205 -0.00153575
30 2.13628 1.09252 -0.00246341
31 3.03936 1.86117 -0.00397741
32 3.36247 2.30046 -0.00436266
33 3.81466 2.46091 -0.00443664
34 4.27116 2.07162 -0.00366153
35 3.93825 1.64212 -0.00322706
36 3.16429 1.1843 -0.00220551
37 2.39457 1.03809 -0.00188368
38 1.70089 0.839847 -0.00136324
39 1.50462 0.594227 -0.000702218
40 1.30822 0.41548 -0.000302404
41 1.17671 0.381487 -4.93199e-05
42 1.0102 0.383544 -0.000180663
43 0.974498 0.270339 -8.57889e-05
44 0.959947 0.157983 5.9126e-05
45 0.874445 0.218585 0.000140687
46 0.853628 0.191297 0.000226107
47 0.772857 0.184292 0.000196228
48 0.757228 0.150884 0.000234628
49 0.63472 0.0843041 0.000299332
50 0.530692 0.104791 0.000112265
51 0.565173 0.0960312 0.000180501
52 0.545475 0.159184 2.55352e-05
53 0.612143 0.15533 6.74629e-05
54 0.530974 0.125986 0.000157831
55 0.134928 -0.00957716 0.000601074
56 -1.27829 -0.715303 0.00171143
57 -1.89207 -1.1462 0.00271569
58 -3.03007 -1.98442 0.0038672
59 -3.98971 -2.45863 0.00474125
60 -4.67784 -2.92716 0.00542346
61 -4.71918 -2.89447 0.00540543
62 -4.6203 -2.81469 0.00550571
63 -4.34631 -2.65788 0.00523584
64 -3.97853 -2.38428 0.00452109
65 -3.37936 -2.02122 0.00379696
66 -2.92605 -1.76471 0.00311249
67 -2.49836 -1.52244 0.00258277
68 -2.21941 -1.31114 0.00230746
69 -2.08647 -1.19074 0.00203664
70 -1.87108 -1.09607 0.00199601
71 -1.74359 -1.08877 0.00191969
72 -1.78898 -1.09359 0.00157676
73 -1.7113 -1.02612 0.00135587
74 -1.52736 -0.873208 0.00111762
75 -1.37735 -0.804586 0.000999986
76 -1.2995 -0.747329 0.000810099
77 -1.29284 -0.664731 0.000481821
78 -1.24707 -0.582084 0.000335128
79 -1.17053 -0.519876 0.000240441
80 -1.11912 -0.461791 0.000138505
81 -1.02987 -0.456468 6.97884e-05
82 -0.985393 -0.456389 -4.77241e-05
83 -0.965108 -0.388996 -0.000257843
84 -0.817692 -0.461304 -0.000288033
85 -1.17426 -1.07478 0.00191335
86 -1.33435 -1.04153 0.00308127
87 -1.48723 -1.35374 0.00444681
88 -1.06528 -1.17544 0.00419701
89 -0.486233 -0.659918 0.00195424
90 0.500383 0.060954 -0.000393949
91 1.5592 0.571364 -0.00213372
92 2.72646 1.88818 -0.00617234
93 3.3289 2.08673 -0.00737199
94 3.15057 2.04065 -0.00655756
95 2.49618 1.62357 -0.0052523
96 1.90817 1.41741 -0.00477198
97 1.83218 1.40506 -0.00469523
98 1.96075 1.48112 -0.00436081
99 2.12976 1.71817 -0.00494799
100 2.62428 2.11838 -0.00606481
101 3.36551 2.59854 -0.007632
102 3.64605 2.56172 -0.00743055
103 3.06759 2.14014 -0.00637615
104 1.79006 1.3706 -0.00465604
105 0.40841 1.12458 -0.00346459
106 -0.813659 0.909785 -0.00379724
107 5.14049 2.97144 0.00242569
108 -1.14529 -7.03464 0.000580508
109 22.3407 -11.5183 0.0304536
110 -0.650311 3.41373 -0.00899061
111 -14.6848 10.7784 -0.0310706
112 -8.59941 15.7305 -0.0205565
113 -4.93712 18.0981 -0.0148178
114 -3.61045 20.5098 -0.0155662
115 6.16467 -33.6687 0.050675
116 15.2283 -83.9035 0.112095
117 24.117 -134.635 0.173865
118 26.1822 -128.768 0.169721
119 28.0971 -123.328 0.165879
120 29.199 -118.456 0.162189
121 40.6542 -109.928 0.160906
122 25.7252 -124.937 0.150256
123 36.4993 -145.442 0.178326
124 51.8642 -145.284 0.198276
125 24.3674 -137.926 0.172473
126 -50.074 -127.099 0.129587
127 -95.4114 -75.0477 0.0253571
128 -113.79 -52.6335 -0.0123839
129 -87.7274 -57.4888 0.0111743
130 -70.8354 -68.5486 0.036247
131 -27.4483 -94.468 0.100348
132 -41.7536 -87.6941 0.08104
133 -66.4649 -62.391 0.0322242
134 -66.5057 -51.5537 0.0187516
135 -52.8263 -55.7695 0.0328693
136 -39.4689 -56.1995 0.0434254
137 -34.6187 -50.8535 0.0414098
138 -30.921 -46.3241 0.0391095
139 -28.2709 -44.7832 0.0381249
140 -26.074 -42.7366 0.0360744
141 -23.1904 -40.4264 0.0349505
142 -20.3696 -38.6146 0.0345713
143 -16.5161 -37.0753 0.0351117
144 -13.0527 -35.3212 0.0353194
145 -14.3536 -32.2489 0.0327552
146 -14.1955 -31.0783 0.0308397
147 -2.25131 -31.3243 0.0384474
148 2.83143 -54.4993 0.0643379
149 13.4498 -59.569 0.0748456
150 2.59639 -54.9512 0.0501211
151 46.3785 -70.4247 0.110488
152 36.3816 -69.7249 0.10346
153 8.36808 -63.9523 0.0766933
154 -4.71443 -57.6756 0.059489
155 -8.8145 -54.3787 0.0527129
156 -1.6707 -54.4094 0.0578261
157 2.24436 -52.0729 0.0578341
158 4.52388 -47.9008 0.0552546
159 5.3704 -42.7547 0.0497147
160 5.98599 -39.7937 0.0469897
161 5.19411 -37.3319 0.0439909
162 4.4421 -34.8143 0.0406718
163 7.62914 -32.8016 0.039984
164 -9.51562 -35.9085 0.0369122
165 -25.4124 -38.7894 0.0340641
166 -41.4786 -42.1543 0.0318641
167 -38.1273 -38.4182 0.0276315
168 -53.3868 -6.40021 -0.0246562
169 -53.0329 -19.7994 -0.0115352
170 -49.9941 -20.5657 -0.0117948
171 -46.6989 -19.8073 -0.0111074
172 -42.3197 -19.8698 -0.00756762
173 -38.5478 -18.5436 -0.00533553
174 -35.5144 -17.0241 -0.00433137
175 -32.8696 -15.8268 -0.00360853
176 -30.5092 -14.9428 -0.00258856
177 -28.5131 -13.7579 -0.00277458
178 -26.7808 -12.1398 -0.0039424
179 -25.1946 -10.1233 -0.00571089
180 -23.6639 -8.63515 -0.00695917
181 -22.8695 -8.83341 -0.0101481
182 -20.6401 -14.4865 -0.00691874
183 -17.1612 -14.2724 -0.00423772
184 -13.9355 -14.0738 -0.00175186
185 -11.7041 -13.7086 -5.42622e-05
186 0.919167 -15.4906 0.00958464
187 1.55143 -19.8709 0.0146896
188 0.527692 -19.5386 0.0150786
189 -0.147096 -17.1463 0.0133126
190 -0.771456 -15.8563 0.0125827
191 -1.80767 -14.1014 0.0110105
192 -1.74887 -12.9645 0.010159
193 -1.99012 -12.2463 0.00906212
194 -1.59997 -11.8817 0.00898663
195 -1.4265 -10.6912 0.00798345
196 -0.963461 -9.99371 0.00779272
197 -0.0481453 -9.47409 0.00772433
198 0.305301 -9.23488 0.00742437
199 0.198644 -8.86119 0.00717938
200 0.398359 -7.95932 0.00620804
201 0.444396 -7.34244 0.00598133
202 0.222246 -6.211 0.00498479
203 0.605788 -5.62539 0.00486639
204 0.582815 -4.8365 0.00423304
205 1.7576 -4.30846 0.00367899
206 12.0513 -6.11865 0.0104911
207 21.5456 -1.69593 -0.00163585
208 18.6544 -5.50639 0.0044842
209 16.269 -5.11367 0.00411234
210 14.0445 -4.87797 0.0036198
211 12.2742 -3.02606 0.00524596
212 8.78335 -0.975983 0.00418328
213 7.85571 -3.09022 0.00345529
214 7.13732 -2.82828 0.00117374
215 7.15647 -2.38239 0.00122838
216 7.78144 -2.28869 0.00301443
217 7.85662 -1.83251 0.00284003
218 7.11443 -1.81293 0.00215901
219 6.41442 -1.52223 0.00170906
220 5.87764 -1.44304 0.0021601
221 5.54375 -0.71915 0.00224218
222 4.93242 0.0292829 0.0016022
223 4.55924 0.235863 0.00123453
224 4.42542 -0.293653 0.00173785
225 4.31631 -0.672053 0.00232345
226 4.03679 -0.646779 0.0023296
227 2.80858 0.616735 -0.00104671
228 6.1586 -7.21467 0.00773838
229 9.26478 -14.476 0.015884
230 11.4934 -21.5767 0.0236437
231 23.0231 -23.6869 0.0287389
232 18.935 -22.8986 0.0265946
233 14.3501 -22.7116 0.0249907
234 11.388 -21.4439 0.0238118
235 9.91934 -19.4157 0.0229372
236 7.41598 -17.1669 0.02088
237 6.01053 -16.7188 0.019955
238 5.12499 -16.193 0.0189984
239 5.00051 -14.2851 0.0168625
240 4.88247 -13.1997 0.0158932
241 5.06114 -12.1197 0.0150281
242 6.64719 -10.6462 0.0132404
243 -23.9344 -22.1279 0.0219
244 -30.5853 -1.8979 0.000217255
245 -26.5644 1.23142 0.000449427
246 -24.0905 1.12773 -0.000455876
247 -22.9209 0.781999 9.09536e-05
248 -22.1101 0.172525 0.00143004
249 -24.7755 -2.82473 0.00524957
250 -24.6063 -3.30081 0.00749113
251 -24.473 -4.03701 0.00899543
252 -22.9063 -3.65963 0.00951391
253 -21.8113 -3.76389 0.0105045
254 -20.8021 -3.92546 0.0112159
255 -19.6244 -4.03989 0.0114563
256 -18.2929 -3.98934 0.011468
257 -17.3975 -4.25282 0.0119677
258 -15.2906 -3.5347 0.00897679
259 -21.1093 -28.1272 -0.0116082
260 -27.3875 -60.8026 -0.0200079
261 -28.8884 -65.9462 -0.019693
262 -23.0637 -46.4854 -0.0166554
263 -28.8597 -42.1769 -0.01363
264 -25.2007 -29.63 0.00081604
265 -16.3395 1.13056 0.00308191
266 -18.1836 25.7723 -0.00566423
267 -1.62077 33.7901 0.00473539
268 15.9738 36.0608 0.0102061
269 19.0219 26.868 0.00502391
270 -4.59916 16.5754 0.023787
271 -23.9959 12.0296 0.0348566
272 -18.041 11.5429 0.0431001
273 -9.50381 20.1267 0.0342038
274 1.82651 25.0222 0.0201888
275 13.9491 26.6057 0.0178758
276 10.91 31.5054 0.0103189
277 10.5621 31.2021 0.00533148
278 3.17428 22.4464 -6.46751e-05
279 0.706117 21.5676 -0.0020482
280 5.5784 18.0254 0.0109019
281 6.87984 27.4012 0.0159957
282 15.1023 52.1865 0.0205163
283 27.5302 74.467 0.033934
284 26.814 112.161 0.0203598
285 32.8018 130.205 0.0159558
286 34.3619 127.917 0.0175229
287 29.547 115.43 0.0158579
288 24.4293 123.341 0.0113782
289 19.0876 125.156 0.00662433
290 15.1745 114.353 0.00329681
291 10.0917 104.173 -0.00773353
292 10.6913 74.6214 -0.00840925
293 -10.6391 66.3958 -0.0248771
294 -13.0907 50.59 -0.00620017
295 -6.04752 39.1587 0.0131717
296 -0.421508 27.7096 0.0320517
297 17.8661 27.9843 0.0402358
298 11.9097 28.8327 0.0117033
299 50.1476 10.9346 0.0641046
300 42.2018 3.90497 0.0599068
301 38.3774 6.12645 0.0554014
302 37.6339 6.16204 0.0558328
303 35.2061 0.21814 0.0550366
304 29.9356 0.734969 0.0455454
305 27.0681 -0.410569 0.0402174
306 23.978 -3.10365 0.0369019
307 22.3078 -4.63984 0.0351899
308 20.8394 -3.71884 0.0324078
309 18.8744 -3.66047 0.0297452
310 17.0295 -3.38022 0.027527
311 16.5204 -3.0435 0.0266066
312 14.7368 -3.05291 0.0240365
313 13.8157 -3.63931 0.0228985
314 13.8165 -8.06763 0.0309619
315 20.2994 -11.0978 0.0408368
316 -37.5028 -38.7321 0.02288
317 -48.8135 -32.0997 0.00469094
318 -42.1418 -31.204 0.00390857
319 -37.9745 -29.2835 0.00382981
320 -36.2758 -27.9115 0.00287199
321 -36.642 -27.1437 0.0015227
322 -34.8438 -25.4625 0.000748585
323 -32.3773 -21.9476 0.000579451
324 -30.4035 -18.4157 -0.000778365
325 -27.6459 -16.4905 -0.000968131
326 -25.78 -14.5772 -0.00232156
327 -24.3627 -13.6532 -0.00259191
328 -23.0127 -13.5617 -0.00248109
329 -21.478 -12.7956 -0.00223355
330 -20.199 -12.3055 -0.00278091
331 -18.3309 -12.7902 -0.00232425
332 -16.4664 -12.606 -0.00233324
333 -16.5715 -13.6783 -0.0118085
334 -23.0656 -59.8024 0.0386128
335 -7.35132 -74.8816 0.0500268
336 23.5215 -77.5129 0.0675825
337 9.36834 -101.447 0.0802808
338 3.22429 -92.7633 0.0786246
339 0.338115 -83.2724 0.0681029
340 -7.04252 -77.7936 0.0551712
341 -8.42968 -70.7469 0.0479316
342 -8.28301 -64.708 0.0405009
343 -8.97378 -59.2927 0.0348322
344 -9.48918 -53.2779 0.0298766
345 -8.73865 -49.258 0.027989
346 -7.61822 -46.1413 0.0270704
347 -6.89185 -43.6909 0.027061
348 -6.1906 -40.5713 0.0255136
349 -5.6701 -38.0208 0.0240936
350 -5.62323 -35.7747 0.0224211
351 -5.39128 -33.239 0.0209913
352 -4.99592 -31.4901 0.0195807
353 -4.86488 -29.1852 0.0177355
354 -4.09206 -28.2297 0.0169652
355 -3.75045 -26.1669 0.0159285
356 -3.09027 -24.05 0.0149859
357 -2.78448 -22.9423 0.0141489
358 -2.4598 -21.5698 0.0130555
359 -2.25996 -20.4699 0.0124375
360 -2.06144 -19.0089 0.0118048
361 -1.7331 -18.412 0.0114331
362 -1.87969 -16.8624 0.0102046
363 -1.73403 -16.2945 0.00941837
364 -1.25459 -15.3677 0.00936443
365 -1.3279 -14.01 0.00860196
366 -1.3238 -13.8138 0.00741185
367 -1.5109 -13.1862 0.00663469
368 -1.20502 -12.2155 0.00662314
369 -0.974516 -11.7499 0.00645049
370 -0.90819 -11.3818 0.00614587
371 -0.749576 -10.414 0.00558856
372 -0.902817 -10.2429 0.00492209
373 -0.685242 -9.58784 0.0049693
374 -0.696446 -8.96388 0.004631
375 -0.405806 -8.39153 0.00451984
376 -0.366839 -8.56508 0.00424386
377 -0.471235 -8.52235 0.00418877
378 -0.226663 -8.74008 0.00456648
379 -0.355384 -7.99617 0.00439209
380 -0.193241 -7.15578 0.00404869
381 -0.525975 -6.10958 0.00328529
382 -0.199726 -6.11887 0.00334744
383 -0.245742 -5.7259 0.00351596
384 0.474952 -5.91502 0.00437268
385 -0.379863 -7.28861 0.00362646
386 0.786974 -7.27365 0.00156906
387 3.83991 -6.05458 -0.00111037
388 6.67062 -4.92425 -0.00359477
389 11.8899 -4.18362 -0.00376409
390 -19.0339 -0.82827 -0.0318039
391 -12.5334 19.9952 -0.0501093
392 -13.9162 18.2638 -0.0539705
393 -20.8755 -12.9165 -0.0330308
394 -47.1491 -20.6085 -0.0166159
395 -71.5103 -27.7406 -0.00139586
396 -96.3851 -35.619 0.0132077
397 -90.0839 -26.4087 0.021616
398 -87.3367 -23.0604 0.0152429
399 -83.4684 -17.8033 0.00657052
400 -79.0619 -14.8888 0.00254537
401 -72.8083 -14.6985 0.00303704
402 -67.4578 -13.1926 0.00182629
403 -63.0161 -11.7518 5.55544e-05
404 -57.1859 -11.6679 0.00143243
405 -52.1483 -12.4118 0.00421425
406 -47.7908 -12.1018 0.00483187
407 -44.1324 -13.1779 0.00520202
408 -41.5227 -11.4418 0.00427378
409 -39.0461 -10.1808 0.00279604
410 -36.6322 -9.86634 0.00232006
411 -33.6086 -9.07928 0.00293417
412 -30.5275 -8.92387 0.00299657
413 -28.344 -9.29871 0.00289681
414 -26.0875 -10.0514 0.00415126
415 -24.4634 -10.3527 0.00407118
416 -22.9663 -10.4228 0.00338643
417 -21.8809 -9.38355 0.00236302
418 -20.513 -11.2604 0.00324335
419 -19.2195 -11.0887 0.00384943
420 -17.4688 -11.4599 0.00454335
421 -16.6408 -11.845 0.00436269
422 -16.1365 -14.0807 0.00499376
423 -15.9587 -14.4838 0.0054948
424 -16.4865 -14.69 0.00585706
425 -17.8578 -17.7155 0.00456597
426 -17.8793 -29.1359 0.00965014
427 -22.8088 -50.1437 0.00343342
428 -23.2836 -42.499 0.00712814
429 -21.9806 -42.7649 0.00792254
430 -26.1692 -72.1816 0.0129144
431 -25.5898 -99.685 0.0198611
432 -29.7742 -95.3325 0.0146428
433 -28.4214 -84.9666 0.0125751
434 -31.2853 -94.079 0.0139148
435 -28.9652 -73.3078 0.00325294
436 -27.976 -72.7169 -0.00499783
437 -27.4955 -70.4565 -0.00525296
438 -32.035 -65.2755 0.00112492
439 -39.3518 -63.9908 0.000168473
440 -33.7196 -51.0699 -0.00630347
441 -30.8893 -36.6197 0.000675447
442 -24.4495 -33.9902 -0.0073972
443 -20.7118 -14.0826 -0.0104976
444 -24.3527 -22.8102 -0.00835613
445 -18.6781 -18.3014 -0.0130813
446 -16.4709 -15.0522 -0.0114786
447 -18.93 -20.6122 -0.00764935
448 -15.9672 -18.4302 -0.00814703
449 -13.9659 -11.6174 -0.00660442
450 -15.219 -17.6469 -0.00509858
451 -12.9794 -14.6 -0.00426771
452 -12.758 -11.3869 -0.00240489
453 -12.5856 -15.2118 -0.0014961
454 -10.5373 -11.4291 -0.00215334
455 -9.72718 -10.1321 -0.000332236
456 -9.44109 -11.6752 0.000372722
457 -8.72377 -10.8507 -0.0011213
458 -7.93403 -8.69303 0.000418354
459 -7.23109 -9.40202 0.000176801
460 -6.47576 -7.44753 0.000449032
461 -6.2703 -7.39707 0.00168296
462 -6.03589 -7.53902 0.000622156
463 -5.4559 -6.3333 0.00109866
464 -5.26438 -6.17291 0.00175306
465 -5.10725 -6.2108 0.0015258
466 -4.57325 -5.62833 0.00115734
467 -4.32917 -4.7562 0.000965619
468 -4.17538 -4.8452 0.000838898
469 -3.68635 -4.42594 0.000886822
470 -3.35243 -3.85636 0.000989597
471 -3.24811 -3.57474 0.000971033
472 -3.11549 -3.6441 0.000811137
473 -2.94446 -3.04278 0.00101588
474 -2.31088 -2.73263 0.00123478
475 -1.42297 -3.21422 0.00137861
476 0.155744 -3.45933 0.00141548
477 0.231295 -3.58386 0.0026862
478 -0.902303 -3.71534 0.00484118
479 -1.38639 -3.76514 0.00600489
480 -1.70743 -4.12641 0.00948507
481 -2.23686 -4.41489 0.0125359
482 -2.52453 -4.67038 0.0141795
483 -2.86213 -4.84151 0.0168134
484 -2.97531 -5.34245 0.020401
485 -2.94979 -5.6346 0.0216764
486 -3.1761 -6.20241 0.0245842
487 -2.88015 -6.8736 0.0298583
488 -3.03028 -7.37591 0.0336408
489 -2.76792 -7.28067 0.0337314
490 -2.56638 -7.12955 0.0344548
491 -1.92587 -6.80796 0.0352412
492 -1.65272 -6.73879 0.0346958
493 -1.45676 -6.26432 0.033543
494 -1.31001 -5.78828 0.0317658
495 -1.12372 -5.22256 0.0298552
496 -0.804153 -4.74687 0.0277652
497 -0.40791 -4.13739 0.0253382
498 -0.23762 -3.54791 0.0235954
499 -0.456472 -3.07747 0.0227202
500 -0.652012 -2.88845 0.0214678
501 -0.851517 -2.77779 0.0201498
502 -0.984782 -2.8031 0.0179029
503 -1.20936 -2.66245 0.0143177
504 -1.30633 -2.45932 0.0118765
505 -1.15233 -1.98341 0.0086889
506 -0.82296 -0.994258 0.00518354
507 -0.294032 0.747161 0.000134941
508 1.04313 2.82959 -0.00524809
509 1.91551 6.38907 -0.0135985
510 25.9966 -2.03887 0.0196272
511 26.5278 0.463437 0.0150392
512 26.661 3.42997 0.0115571
513 23.6252 7.18229 0.00836927
514 21.536 11.7712 0.00512093
515 19.1915 12.9563 0.0100941
516 18.9093 14.67 0.0088863
517 21.5622 16.9332 0.00665282
518 23.8822 15.3324 0.00664639
519 21.2833 11.9583 0.00698617
520 16.8791 9.11015 0.00714347
521 12.3339 6.60455 0.00570643
522 10.2991 3.81521 0.00584842
523 7.45261 2.06251 0.0059417
524 3.9641 1.02164 0.00570672
525 2.26905 0.397443 0.00535692
526 0.41649 -0.0353193 0.00470493
527 -0.910776 -0.0891953 0.00431651
528 -1.52721 -0.15648 0.00404162
529 -2.28826 -0.0251163 0.00340663
530 -2.78058 0.159574 0.00307604
531 -3.41855 0.19476 0.00313419
532 -3.94443 0.288406 0.00305582
533 -4.00593 0.418099 0.00299563
534 -4.54763 0.436072 0.00303258
535 -4.9314 0.611126 0.00309222
536 -4.96575 0.953958 0.00323668
537 -4.8963 1.13147 0.00334736
538 -4.49684 1.77122 0.00382985
539 -3.9164 2.26751 0.00422054
540 -2.12334 3.0448 0.00542213
541 -1.29123 3.73819 0.0051468
542 -1.2397 3.66695 0.00495596
543 -1.22077 3.51071 0.00459217
