1 -0.0952399 0.0157371 -6.06712e-05
2 0.0627275 0.030916 0.000119298
3 -0.127877 0.27457 -0.000164529
4 -0.0875199 -0.0106926 -8.79711e-05
5 -0.143627 0.0295773 0.000133228
6 -0.157309 0.0957352 0.000323578
7 -0.213593 0.0545077 0.000351992
8 -0.0840164 -0.0261209 0.000210195
9 -0.0846401 -0.113907 4.29323e-05
10 -0.0612482 0.109679 0.000115968
11 0.0069371 0.0507595 0.000262794
12 0.205466 -0.101723 4.65731e-07
13 0.168157 -0.0647994 -0.000100183
14 -0.0400276 -0.102762 -6.03235e-05
15 -0.267603 -0.0827041 0.000302266
16 -0.624624 0.0290346 0.000414161
17 -0.105887 -0.292626 0.000830999
18 0.209333 -0.804634 -0.000132751
19 -0.0460623 -0.521175 7.30272e-05
20 0.246997 0.0748383 0.000192912
21 3.71321 5.09493 0.00364053
22 13.3233 15.6602 -0.00521555
23 -60.3198 23.3152 -0.0738592
24 -62.1337 46.9794 -0.107528
25 -85.2831 36.303 -0.124664
26 7.85558 -27.6657 0.00390874
27 76.5475 -13.5764 0.0958019
28 61.3176 -6.89953 0.08125
29 39.3804 -24.3306 0.073998
30 24.2012 -7.28102 0.0363129
31 -16.964 25.1202 -0.046238
32 -40.7065 37.8462 -0.086875
33 -17.5132 14.7532 -0.0398216
34 34.7689 -25.5662 0.0546637
35 36.2041 -27.4023 0.06658
36 29.7411 -20.8259 0.0590229
37 -15.7355 52.4138 -0.0673198
38 -45.2365 22.0433 -0.0625558
39 -24.1896 13.6727 -0.0510165
40 22.9934 -32.3814 0.0482179
41 39.923 -26.8145 0.0761141
42 -13.7818 12.8508 -0.0116933
43 -18.8532 19.5871 -0.0363311
44 -5.38017 3.7188 -0.0190812
45 10.4552 -0.888657 0.0205321
46 16.5599 -1.14212 0.0197502
47 2.57459 -3.52792 0.00544034
48 -1.25759 0.642187 -0.000105878
49 8.68982 -1.49888 0.0166219
50 7.00399 2.88786 0.00892192
51 0.966728 -0.304636 0.00453649
52 -6.8973 2.23605 0.00168154
53 -6.7112 21.7764 0.00100457
54 -4.34669 13.4517 -0.00162119
55 -2.78924 -8.11203 0.00245484
56 -9.80134 6.45608 -0.00700209
57 0.849539 13.456 0.00158036
58 -2.09729 2.09704 0.00416565
59 -1.26598 -0.123671 0.00138709
60 -0.439295 -0.230356 -0.00465087
61 3.00848 -11.1245 -0.00892549
62 16.0404 -5.29041 -0.00124251
63 -11.8009 12.3602 -0.0262422
64 -46.2175 19.246 -0.0446791
65 -111.138 35.5779 -0.151068
66 -36.8793 24.9114 -0.0610219
67 -25.391 18.1774 -0.0456327
68 -29.1899 12.8538 -0.0450226
69 -21.4468 12.3911 -0.039728
70 -4.88924 0.500623 -0.00933343
71 25.6849 -21.2508 0.0421094
72 48.4251 -31.049 0.088981
73 48.0703 -29.5441 0.0886351
74 63.0157 -18.9947 0.0884992
75 49.4123 -15.5905 0.0703038
76 14.8527 -8.9771 0.0240254
77 12.1538 -8.2788 0.0166582
78 2.96954 2.13581 -0.00459728
79 2.75372 9.73535 -0.0197227
80 -5.81108 -5.21836 -0.0135026
81 -1.4307 -3.20792 0.00013874
82 -7.39054 9.65815 -0.00797344
83 -17.7833 14.4213 -0.0258976
84 -7.14019 0.252307 -0.0193074
85 27.0243 -23.1658 0.0221337
86 17.4011 -9.90215 0.0214182
87 -19.6867 17.1309 -0.025357
88 -48.8909 40.2273 -0.0708539
89 -21.9618 1.99189 -0.0325265
90 45.7782 -33.2159 0.0668434
91 17.206 -3.72596 0.0318254
92 -68.345 29.1816 -0.0772461
93 -41.8214 19.2483 -0.0633571
94 3.4998 -0.987338 0.004416
95 33.7586 -17.9544 0.0513799
96 19.3397 -10.5095 0.0283489
97 0.425701 8.91271 0.000712679
98 -14.7278 17.1334 -0.0323171
99 28.4948 -30.305 0.0428173
100 4.72131 -0.254088 0.0126605
101 -32.5429 31.405 -0.0524292
102 3.72334 -6.00439 -0.00242488
103 34.4012 -30.1744 0.0605076
104 28.9591 -15.1838 0.0545521
105 -13.8756 23.3523 -0.0289847
106 -22.7733 30.0321 -0.0530505
107 -5.54433 5.89159 -0.0117008
108 29.5304 -32.3396 0.0536097
109 11.4108 -11.1327 0.0263582
110 -31.0196 27.4731 -0.0556152
111 -27.9954 20.1225 -0.0486595
112 -6.99075 6.46512 -0.0195197
113 49.2498 -28.2081 0.0773884
114 30.9206 -17.8975 0.0569916
115 -4.40027 10.2113 -0.00927552
116 -16.1237 35.8018 -0.0345256
117 13.5371 -13.8347 0.0151112
118 24.1927 -23.6433 0.0472128
119 16.0758 -12.885 0.0333551
120 6.01219 -10.5488 0.0110924
121 23.3093 -9.98968 0.0427165
122 1.66218 -7.39716 0.0176864
123 -9.54657 3.83851 -0.00173833
124 -7.58832 20.8602 -0.0268435
125 -7.58153 10.7622 -0.0118344
126 -3.14651 11.3062 -0.00670164
127 2.78876 5.66438 0.00164086
128 -11.4858 13.0317 -0.0165401
129 -6.71065 10.7016 -0.00244782
130 -7.29544 20.3458 -0.0032109
131 -1.70165 23.6717 -0.00439323
132 -2.68615 0.631027 -0.00667471
133 -1.26991 -20.8008 -0.00220255
134 4.00722 5.76774 0.00258307
135 34.895 -7.41611 0.0469762
136 -1.09356 7.96909 -0.0532625
137 2.29396 4.74952 0.000908921
138 1.44684 2.12625 0.000963361
139 -0.185391 0.430458 -7.75213e-05
140 0.129045 -0.217487 -0.000737498
141 0.272194 0.472693 -0.000621258
142 -0.19955 0.328359 0.000426455
143 -0.656027 -0.40675 0.000558013
144 -0.219684 -0.270084 0.000104078
145 -0.491617 0.837583 0.000150177
146 -0.555316 0.709147 -0.000281118
147 -0.566227 -0.0329555 2.36683e-05
148 -0.819662 0.039175 0.000119526
149 -1.15503 0.753706 5.07525e-05
150 -3.9795 -0.0106407 0.000579478
151 -4.96609 -1.37996 0.00132096
152 -5.83608 -3.15703 0.0031406
153 -3.81511 -3.86701 0.0116264
154 -8.15587 -4.84576 0.00115299
155 -8.50982 -8.33223 0.007321
156 -9.37806 -12.0791 0.0122627
157 -5.38168 -4.62597 -0.000135579
158 1.47659 -1.29172 0.000940093
159 8.25117 0.077155 0.00315956
160 30.4429 1.49654 0.0256682
161 14.0245 7.20832 0.00189232
162 15.0959 -7.64088 0.0129616
163 1.14585 -8.55225 -0.0051251
164 -38.2782 17.532 -0.0614309
165 -20.5948 25.9957 -0.0510792
166 -34.4413 23.6444 -0.0680513
167 10.2192 4.12111 -0.00525146
168 35.1946 -21.665 0.0494631
169 28.6749 -12.0102 0.0498861
170 35.6277 -22.3094 0.0624963
171 20.9471 -29.4063 0.0494316
172 12.6857 0.802501 0.0166108
173 -4.30434 13.1414 -0.0163123
174 -15.0932 26.2325 -0.0395922
175 -17.2785 15.1177 -0.0349183
176 9.23348 -16.3408 0.0155242
177 26.1462 -15.6924 0.0419064
178 16.4344 -3.90631 0.0211179
179 -5.26012 7.16245 -0.00792735
180 -10.7808 10.5369 -0.0229228
181 -2.08248 -3.53847 -0.00366994
182 3.53243 -0.0200314 0.00506461
183 4.90242 2.84587 0.00115935
184 2.9764 -1.00399 0.000903243
185 5.24852 2.25109 0.0064189
186 -0.176548 4.08894 0.00290186
187 -2.3637 1.62162 0.00217829
188 -7.64972 4.67158 0.00207608
189 -9.97732 0.295629 -0.00259539
190 -4.56662 -0.558209 -0.00385594
191 0.553502 8.0189 -0.00213247
192 3.59648 -19.6456 0.000961562
193 0.542876 12.9602 -0.000303036
194 -1.89315 0.586792 -0.000597114
195 -0.901974 -7.43492 0.00300814
196 4.35737 1.84509 -0.00226385
197 2.17127 4.67854 0.000936938
198 0.584782 1.32371 0.00276468
199 -0.0660301 -2.70846 0.00314337
200 1.55509 1.97827 -0.00037212
201 -1.30076 3.81129 0.00126181
202 -12.8366 -4.28596 -0.00087085
203 -4.78325 0.580569 0.00254219
204 2.14035 4.73669 0.025186
205 -44.4119 -5.02689 -0.0278076
206 -7.09416 -2.98761 0.00332434
207 -4.25972 -3.07571 0.00329827
208 -2.13095 -0.708922 0.00162055
209 -1.15091 -0.784705 0.0023077
210 -1.02412 -1.90786 0.00190962
211 -0.372738 -0.638005 0.00119804
212 -0.390092 -0.316125 0.000963657
213 -0.360724 -0.175925 0.000686343
214 0.0121441 -0.163197 0.000101009
215 0.692485 -0.0622364 0.000221996
216 0.749436 0.0747806 0.000278848
217 0.413369 -0.234768 0.000956081
218 0.467365 -0.80472 0.000945208
219 0.736175 -0.329626 0.000282692
220 1.05685 -0.196111 0.000415118
221 1.3 -0.0511927 0.000585681
222 2.7461 1.00732 -0.00105327
223 3.15742 1.93964 -0.00279392
224 2.62713 1.01285 -0.00173718
225 4.65882 0.219598 -0.000296412
226 5.51191 -0.118486 -0.00114355
227 6.89089 0.385262 0.00207728
228 9.6723 0.798294 0.0066149
229 9.6723 0.798294 0.0066149
230 52.5395 -68.8533 0.126277
231 -5.46753 -33.9336 0.0270847
232 5.72298 2.33591 0.000350033
233 1.25774 3.0865 -0.00534836
234 0.383637 0.295056 -0.00107704
235 -0.919628 0.117705 -0.000185651
236 -1.99451 0.35706 0.000377842
237 -2.83483 -2.66891 -0.000828943
238 -6.3314 -10.5004 -0.00331704
239 -4.02547 -20.2896 -0.00141092
240 1.68912 -22.328 0.000229983
241 -3.80976 -9.89493 -0.000653058
242 -2.6828 -18.9142 0.000807606
243 -5.16379 -14.3176 -0.0105401
244 3.99854 21.144 -0.00199459
245 5.38522 9.86764 -0.00164208
246 4.55633 9.70521 0.000406471
247 1.17923 0.888199 -0.000395827
248 -0.965355 0.27681 -0.00083506
249 -3.13056 1.06218 -0.00326426
250 -2.80578 1.58075 -0.00362271
251 -1.21072 2.97674 -0.0027745
252 -2.7996 0.709776 -0.000432671
253 0.247382 4.05507 -0.00449886
254 -0.0313775 2.58241 -0.00272555
255 -0.26233 1.40398 -0.00128964
256 -0.126068 0.55598 -0.000707932
257 -1.56164 0.541218 -0.000150406
258 -2.97746 -0.043848 -0.00147356
259 -5.54004 0.612373 -0.00320104
260 -6.83765 -0.0652803 -0.00300662
261 -7.03777 -1.06641 -0.00242912
262 -8.47536 -1.48752 -0.00220024
263 -11.4606 -0.543635 -0.00503792
264 -12.3807 -1.34566 -0.0046997
265 -10.2287 -3.55205 0.000364674
266 -7.78006 -3.63039 0.000321109
267 -1.34403 -0.953878 0.000248698
268 1.63497 0.164467 0.000155182
269 3.11958 0.401108 0.0010045
270 7.66273 1.33553 0.00295521
271 11.419 1.10311 0.00614009
272 19.0701 2.85752 0.0112493
273 7.88319 2.81423 -0.000475273
274 43.5823 8.64329 0.0263614
275 7.19667 3.01294 -0.00236533
276 10.0071 1.64071 0.001937
277 14.8455 2.68712 0.00282558
278 11.2652 1.1612 0.00228731
279 7.05688 0.31656 0.00101857
280 3.77678 0.129646 0.000704741
281 3.36432 0.156695 0.000484978
282 0.205139 0.132832 1.88548e-05
283 -1.07254 0.252073 3.7536e-06
284 -2.49854 0.608408 -0.0010605
285 -2.38197 0.535887 -0.000676666
286 -2.05656 0.184521 -0.000613625
287 -1.25475 0.114088 -0.000153701
288 -1.14744 0.247872 -0.000763908
289 -0.18361 0.0572619 -2.42748e-05
290 0.125919 -0.116263 0.000216223
291 0.124938 -0.0636408 0.000142546
292 0.115222 0.0640305 -9.02467e-06
293 0.262042 0.0842394 5.95408e-05
294 -0.142174 -0.027974 -0.000357329
295 -0.155477 0.0599231 -0.000179854
296 -0.212352 -0.0438124 1.39277e-05
297 -0.0647264 0.0595721 0.000167613
298 -0.272428 0.022284 -8.9234e-05
299 -0.314686 0.0221316 -0.000173511
300 -0.133732 0.0621897 -0.000100356
301 0.00947065 0.0558203 7.65346e-05
302 -0.0267561 -0.058612 -2.5523e-06
303 -0.0244307 -0.0269624 -9.11473e-05
304 0.0410278 0.0262478 -1.87929e-05
305 -0.00336111 0.0348212 -7.59084e-05
306 -0.0522855 -0.049522 2.35484e-05
307 0.0325486 0.0602752 -1.20348e-05
308 0.0141725 0.0406258 -3.11953e-05
309 -0.0347808 -0.00613306 -1.30697e-06
310 0.0123763 -0.0833854 0.000103262
311 -0.00297377 -0.0742876 0.000113743
312 0.0022018 0.0370574 -6.43821e-05
313 -0.0393777 0.00445325 1.75156e-08
314 -0.0633682 -0.0229563 -3.58218e-05
315 0.0274912 0.0727285 2.15104e-05
316 -0.0308068 0.0496576 2.99824e-05
317 0.0533736 -0.0243997 1.52934e-05
318 -0.0271893 -0.0400771 -9.40952e-05
319 0.0380427 0.0258916 -4.90212e-05
320 0.0305188 0.0357854 -6.71866e-05
321 0.0552519 0.0058851 2.17988e-05
322 -0.024118 -0.0672939 7.81677e-05
323 -0.0648969 0.00331238 -7.78153e-05
324 -0.0281848 0.0433263 -9.87695e-06
325 0.0264835 0.0283182 -3.65948e-05
326 0.056913 0.029255 3.84863e-05
327 -0.0117354 0.0683128 -9.30862e-05
328 0.0199265 0.0323901 -2.9585e-05
329 0.0880611 0.0255421 3.97913e-05
330 0.00413507 -0.0127931 4.469e-05
331 -0.0536587 0.0528624 -5.84506e-05
332 -0.00644164 -0.0710147 0.000148454
333 -0.13845 0.0341073 -0.000129319
334 -0.96952 0.366837 -0.00159647
335 -2.26297 0.723037 -0.00364784
336 -2.44116 1.22877 -0.00214513
337 -1.90868 1.67438 -0.00097426
338 -1.44813 1.39689 -0.000400963
339 -0.735358 0.787251 -0.00044143
340 -0.661498 0.750431 -0.000476065
341 -0.224312 -0.0259819 -3.49892e-05
342 0.166327 -0.41549 0.000786197
343 0.853372 0.016771 0.000216953
344 1.44746 -0.656906 0.00112194
345 0.53525 -0.586624 0.000882822
346 -0.91409 -1.19719 0.00101452
347 -2.23423 -0.403018 -0.00056427
348 -1.95758 0.121143 -0.000633652
349 -1.5195 0.42541 -0.00109035
350 -0.588769 0.276218 -0.000576789
351 0.063213 0.108988 -0.000101555
352 0.494376 0.257011 9.76845e-05
353 0.422589 0.184597 -2.25344e-05
354 0.43026 0.071996 9.19808e-05
355 0.318303 -0.124325 0.000214827
356 0.300328 -0.151426 0.000307787
357 0.435502 0.126651 5.32655e-05
358 0.354901 0.133092 7.27255e-05
359 0.131624 0.0975603 -1.82549e-05
360 0.348548 0.2132 -6.94522e-05
361 0.402644 0.161551 0.000155008
362 0.124307 -0.00627219 -3.52908e-05
363 0.0218381 -0.0348107 -0.000106833
364 0.855407 -0.13483 0.000731723
365 0.160934 -0.0293016 1.85896e-05
366 -0.0705811 0.142092 -0.000228235
367 0.182846 0.0891887 -6.90347e-05
368 0.127647 -0.000959523 1.22913e-05
369 0.0821806 0.0182305 6.15916e-06
370 0.0564437 0.01638 -3.02829e-05
371 0.00348933 -0.0459538 4.65187e-05
372 -0.0273639 0.0703417 -3.85008e-05
373 -0.115036 0.200988 -0.000270312
374 -0.0597857 0.14577 -0.000147254
375 -0.835197 0.0900697 -0.00058177
376 -4.96683 0.340378 -0.00295955
377 -56.2704 -7.93878 -0.0342126
378 -48.3906 -11.0578 -0.0236244
379 -5.29855 -4.80701 0.00374086
380 0.102443 -2.22261 0.00320754
381 0.622652 0.284503 0.000198987
382 3.50904 2.39929 -0.00192617
383 9.37646 1.07637 0.00331254
384 12.4584 2.53862 0.00492757
385 10.6483 1.13514 0.00293134
386 7.80735 1.29431 0.000944062
387 6.22782 0.962506 9.54206e-05
388 4.77193 0.539769 0.000797923
389 3.29758 -0.364001 0.00147769
390 1.80937 -0.198947 0.00118109
391 1.66149 -0.493622 0.00157185
392 0.335771 -0.30613 0.000529128
393 -0.666128 0.0896934 -0.000465088
394 -0.873099 0.141813 -0.000452532
395 -0.945717 0.275259 -0.000557446
396 -0.974234 0.28618 -0.000715984
397 -0.548074 0.0856036 -0.000410641
398 -0.63832 0.238148 -0.000491501
399 -0.853368 0.264332 -0.000736539
400 -2.10338 0.420659 -0.0015171
401 -3.59915 0.249401 -0.00148004
402 -5.56229 0.206076 -0.0012571
403 -2.6322 -0.0842517 0.000372011
404 -7.55652 0.71518 -0.00318366
405 -20.7651 -4.26248 -0.00903155
406 -3.19426 -1.21684 0.000755693
407 -1.72978 -0.623018 -0.000232026
408 -0.0617005 0.396984 -0.000999766
409 2.13995 0.64801 3.81995e-05
410 1.80085 0.162684 0.000634145
411 3.06669 -0.168639 0.00188051
412 0.629376 -0.167526 0.000624411
413 0.106406 -0.252453 0.000400998
414 -0.491892 -0.0522641 -6.29896e-05
415 -0.242421 0.119011 -0.000127863
416 0.523523 -0.0647854 0.000129508
417 3.36708 -0.329326 0.00187318
418 8.60139 -0.572217 0.00663262
419 9.01042 -0.345639 0.00529153
420 6.79214 0.647722 0.00160392
421 7.75164 0.0672153 0.00285277
422 6.34865 0.319164 0.000997449
423 3.19703 -1.18532 0.0010309
424 -0.387345 1.69049 0.00186784
425 0.768873 15.749 0.00700449
426 -1.63884 46.3208 0.00238507
427 -0.285352 1.8086 -0.00124239
428 -1.04104 -6.36811 -0.00650358
429 9.6136 0.713087 -0.00840847
430 -16.9952 5.29621 -0.00517051
431 -20.3854 -15.105 -0.0159792
432 0.280411 -14.5168 -0.0351472
433 78.8984 -6.15585 0.0829358
434 -34.9266 39.5672 -0.0407494
435 -39.6796 18.4415 -0.0528635
436 55.4644 -30.2219 0.0613499
437 -23.0469 23.9837 0.0038837
438 -20.0035 28.1531 -0.0418884
439 84.9737 -8.04943 0.0765038
440 -15.4055 -8.14352 0.00790014
441 11.7625 20.8622 -0.0001461
442 -0.857525 14.055 -0.0109438
443 0.702786 -7.62812 0.00227282
444 4.72164 -16.9121 0.00696426
445 -0.347903 -42.9205 -0.00166349
446 -0.434927 6.00344 0.00406045
447 -3.38779 -0.354907 0.00340414
448 2.54712 -3.28213 -0.00134638
449 -0.754163 3.49935 0.00621936
450 -8.91785 -41.9942 -0.00293796
451 -23.3323 -44.6529 -0.00311528
452 -8.43245 -2.75692 -0.00414001
453 7.27094 30.0658 -0.00455199
454 12.7134 36.4336 0.00379962
455 -2.74279 28.3287 -0.000943442
456 -6.5296 -23.8866 0.000504003
457 -8.07413 -32.2266 -0.00531361
458 5.58955 5.58924 0.000263225
459 9.22819 22.6737 0.00146916
460 0.809148 9.81759 0.00291911
461 -13.2171 -38.7331 -0.00166374
462 2.83362 13.2522 -0.00456819
463 8.76541 20.3416 0.00182333
464 -8.32563 -16.3316 -0.0040976
465 -11.3579 -18.9464 -0.00524954
466 10.6354 33.17 -0.00120928
467 -1.88025 -14.0654 0.00428656
468 -10.647 -21.7499 -0.00378921
469 6.13951 25.8973 -0.00365844
470 6.16794 23.0167 0.0012991
471 -2.7481 -11.4095 0.000819239
472 -12.8672 -35.9222 -0.00254842
473 -7.37902 -22.129 -0.000835684
474 4.00227 17.3902 -0.000116265
475 10.9163 25.5607 -0.00205903
476 2.99512 40.1389 0.000684104
477 1.43577 0.128849 0.00167193
478 -12.8375 -31.335 -0.000842654
479 -2.63718 -25.1617 -0.00315386
480 -11.4231 -38.5944 0.000277481
481 3.79652 19.0117 -0.00506066
482 18.5862 41.9571 -0.000891062
483 1.69614 39.8499 0.000824099
484 5.02165 9.00951 0.000399368
485 -5.06453 -15.1104 -0.000571677
486 -8.56733 -20.4963 0.000767263
487 -5.84611 -11.294 -0.00428655
488 7.832 28.8352 -0.000622432
489 2.37972 -0.779713 0.00233057
490 -13.4769 -27.0901 -0.00331575
491 -2.51848 -11.01 -0.00303758
492 0.848545 10.6674 -0.00303442
493 11.1448 26.1753 -0.000285453
494 1.89354 7.76085 0.000411948
495 -5.14081 -12.5242 -0.00227734
496 -8.73375 -21.1972 -0.00155718
497 -1.07299 -10.0976 -0.00225656
498 1.85176 9.17154 -0.00285455
499 8.70101 18.9667 0.000102962
500 7.89464 19.9908 0.00150326
501 2.93444 12.8182 0.00175107
502 3.26997 5.59543 0.0010142
503 1.44211 5.32481 0.000541098
504 3.037 7.61309 0.00312629
505 1.21358 11.8191 0.000529708
506 -0.920475 -2.8164 -0.00143217
507 -7.29526 -21.1314 0.00101023
508 -7.66626 -16.7593 -0.00092575
509 -5.20794 -10.9489 -0.000318964
510 -2.56065 -19.0491 -0.00347995
511 -0.714497 -15.7672 -0.000443421
512 3.8115 17.0657 -0.00203965
513 12.1624 27.3639 0.000273757
514 -0.366005 27.9343 0.00113778
515 8.04057 20.4333 0.000227964
516 2.44049 9.71665 0.000423752
517 0.945126 4.25032 -0.000621587
518 0.132618 0.931304 -0.00011635
519 -1.68461 -4.5571 -0.000913494
520 -3.43884 -8.47031 -0.000255415
521 -3.68118 -7.95479 -0.00128752
522 -6.52279 -14.9635 0.000393242
523 -8.54219 -17.3411 -0.00103948
524 -1.70224 -28.4787 -0.00223393
525 -2.87837 -6.64038 -0.00169846
526 7.34503 20.7681 0.00150233
527 7.87529 14.4685 0.0015696
528 2.91551 13.1984 0.00306095
529 -3.83121 18.3848 3.76218e-05
530 7.46175 12.6948 -0.000543703
531 4.41276 0.848577 -0.0013982
532 0.141365 -0.786918 0.000382032
533 0.153731 0.585084 0.000187863
534 -1.04431 -2.32178 0.000183172
535 -0.133699 0.474024 -8.08392e-05
536 -0.0710067 -0.225414 -0.000101821
537 -0.10145 -0.610144 0.000268141
538 -2.41558 -6.34057 -0.0012083
539 -8.12093 -18.3345 -0.00124101
540 -5.66641 -13.3082 -0.000992296
541 -2.5397 -23.1421 -0.00154535
542 -4.53579 -26.4455 -1.73357e-05
543 -0.392416 -10.6061 -0.000904724
544 2.72419 13.0599 -0.00195175
545 7.3856 14.5257 0.00263153
546 9.261 17.3614 0.00152358
547 1.92575 26.3064 0.00178132
548 1.64712 16.1494 1.66354e-05
549 2.50052 4.72816 -0.000137112
550 -0.324933 -2.70898 -0.000744281
551 -3.01234 -7.19053 8.29318e-05
552 -8.52952 -15.6684 -0.00392823
553 -10.1087 -20.8769 -0.0024023
554 1.09471 -33.7441 0.00170936
555 -5.14855 -9.1863 -0.00501752
556 6.39436 23.107 -0.00299445
557 11.6918 23.5672 0.000635358
558 3.38931 21.1006 0.00153715
559 0.468066 22.1155 -0.000517407
560 3.33346 9.41863 -0.00252066
561 -0.610266 -6.0646 -0.000113588
562 -6.92872 -18.2436 5.48438e-05
563 -8.44283 -16.085 -0.0013372
564 -4.83486 -21.2127 -0.00270326
565 -1.14109 -20.2135 -0.000710873
566 3.70324 18.2786 -0.00252125
567 10.8607 22.1593 0.00156956
568 2.53255 21.0894 0.00386471
569 2.42129 19.925 -0.0023978
570 -0.00685611 -7.25666 0.00186177
571 -10.585 -23.9629 -0.00121718
572 -4.92107 -33.5383 -0.00301828
573 -8.01197 -30.617 0.00285471
574 -2.10067 -2.14749 -0.00523214
575 21.4383 45.9067 -0.00156305
576 2.37647 21.3654 0.00243205
577 3.50574 27.0443 0.000836175
578 2.90387 1.195 0.00259915
579 -4.87835 -9.16185 -0.00116566
580 -1.87887 -0.779665 -0.00142246
581 -2.42549 -2.16041 -5.57576e-05
582 -3.47394 -3.12954 -0.0010364
583 -1.48729 0.254175 -0.00170247
584 -0.897542 1.95323 -0.000763385
585 -1.1916 0.606348 -0.0014142
586 -0.509788 1.1519 -0.00131656
587 -0.876996 2.30379 -0.00179884
588 -1.1132 2.86648 -0.0022261
589 -1.52029 -0.946847 0.000872433
590 -0.260827 2.55548 -0.00233268
591 -1.03103 1.47342 -0.00140435
592 -0.670062 1.01059 -0.000954046
593 -0.740159 0.504877 -8.22807e-05
594 -0.585374 0.0533474 -0.000912523
595 0.616846 -0.409278 0.000369779
596 0.252306 0.0906684 0.000364068
597 -0.233724 1.01154 -0.000889543
598 0.250882 1.09561 -0.00086462
599 0.493899 0.316774 -6.03221e-05
600 0.051198 -0.147977 0.000213459
601 -0.152202 0.208703 -0.000218969
602 -0.120746 0.207079 -0.000125795
603 -0.0498176 -0.0743076 -5.39568e-05
604 -0.0285648 -0.0896674 0.000163077
605 -0.0791832 -0.314167 0.00121082
606 0.815008 -0.511887 0.00109084
607 1.40579 -1.16937 0.00189552
608 2.09266 -1.45348 0.00321973
609 0.0208731 -3.63954 0.00451431
610 -1.0423 -2.29658 0.00146307
611 -2.7203 -1.89851 -0.000250497
612 -2.77478 -2.63008 0.00100796
613 0.494906 2.81308 0.00129867
614 0.367459 -4.63149 0.00188841
615 -10.1375 -18.5081 -0.00299373
616 -9.63222 -24.4186 -0.00352005
617 -10.0593 -51.1947 -0.00147108
618 0.793212 9.45908 -0.00673272
619 22.4713 46.3803 0.000544024
620 3.61396 40.772 0.00140949
621 4.0257 14.8974 0.000256568
622 0.235374 -14.3719 0.00578897
623 -9.61648 -29.0057 0.00225197
624 8.17212 24.0559 0.00437112
625 6.12702 41.3771 0.00401795
626 5.33247 19.6335 0.00174259
627 -3.72966 -21.5602 0.000649657
628 -9.34032 -19.9146 -0.000953286
629 -4.21454 -6.45932 -0.00174842
630 10.8374 26.3928 0.00318675
631 6.54294 10.0795 0.00062071
632 -6.50566 -17.8286 -0.00109985
633 -7.47368 -15.5442 0.00675169
634 10.2378 26.2501 0.000142884
635 2.42067 -2.7612 -0.00355685
636 -9.01629 -24.9949 0.00200905
637 -0.787395 8.13596 0.000408921
638 11.4476 24.3388 0.00140658
639 -2.25409 -25.7611 0.00876027
640 -5.37376 -15.9249 0.00355273
641 -0.70173 6.83208 -0.000181243
642 12.0345 20.0968 0.00396648
643 -7.17641 -14.6328 -0.00104588
644 4.971 6.87591 -0.000770438
645 -0.809507 5.35632 -0.000649387
646 -1.78163 -2.67959 0.000905821
647 0.355978 0.444509 -0.00179621
648 0.81721 5.56815 -0.00148116
649 -6.14571 -6.84189 0.00998333
650 -1.23858 -1.3146 -0.000721763
651 0.520696 2.31594 -0.00248006
652 -0.74467 1.06626 0.00017448
653 -0.578536 -0.929135 -0.00118161
654 0.33582 -0.356359 -0.000789427
655 0.436012 1.22918 -0.000749988
656 -0.27081 0.541879 2.17202e-05
657 -0.491136 -1.27615 -0.000226038
658 0.184317 0.729952 -0.000468605
659 0.0295122 0.47621 0.000269426
660 -0.115746 -0.194175 2.12021e-05
661 0.0523633 -0.389954 -0.000195567
662 0.158524 0.0997987 -0.000472549
663 0.0741801 0.467771 -0.000183021
664 -0.218593 -0.149043 0.000123455
665 0.156551 -0.223124 -3.50249e-05
666 0.0777343 0.16112 -0.000103598
667 0.00649873 0.178551 0.000122844
668 -0.0691543 -0.0427798 0.000136112
669 -0.040195 -0.217273 4.41613e-05
670 0.192888 -0.065393 2.23927e-05
671 0.170824 0.338102 -3.9825e-05
672 0.0619602 -0.0679492 -7.72654e-06
673 0.113314 -0.10212 0.000139481
674 0.232765 -0.269967 0.00066097
675 1.30231 -0.257665 0.000419596
676 1.84331 -0.0847923 -0.000440364
677 0.064035 -1.86852 0.00174611
678 -0.429767 -2.45467 0.00167943
679 -0.321401 -1.16296 0.00148675
680 1.6145 2.49954 0.00408452
681 -13.2703 -23.2699 -0.0060348
682 -13.2703 -23.2699 -0.0060348
683 -13.2703 -23.2699 -0.0060348
684 4.43663 36.756 -0.0256128
685 4.43663 36.756 -0.0256128
686 2.5479 17.2711 0.00556621
687 -17.7272 -40.1471 -0.00174857
688 -4.51452 -0.743626 -0.00379103
689 13.1108 39.3023 0.00267694
690 3.92674 -1.01331 0.00256257
691 -13.0339 -30.6759 -0.00191398
692 -0.607776 5.36486 -0.00141633
693 13.6831 35.5629 -0.00133742
694 -6.82765 -17.9715 0.00155406
695 -15.5115 -28.5376 -0.0101444
696 7.65727 25.7576 0.000303175
697 25.0282 28.3029 0.0162252
698 -4.49852 -30.5991 0.00690134
699 -7.64155 -3.3386 -0.00469652
700 12.1544 42.0861 0.00284684
701 3.42115 13.4477 -0.00140052
702 -1.38896 10.7471 -0.001169
703 -0.571281 6.93677 -0.00165921
704 -8.95769 -39.5093 0.00316764
705 -4.85391 -15.6114 -0.00370141
706 12.9159 29.0508 0.00620098
707 9.2094 34.0189 0.00014944
708 -13.5192 -39.9175 -5.04252e-05
709 -4.01846 -35.6692 -0.00337759
710 8.9099 39.2428 0.00205743
711 -0.400915 29.8181 -0.00261185
712 -11.8929 -32.0993 -0.0039415
713 -4.35617 -27.7753 -0.00423706
714 -0.704811 -6.71106 0.000282918
715 12.6677 42.9314 0.00237996
716 2.0906 24.4244 0.00326226
717 -11.5779 -35.7282 -0.00178751
718 -1.87701 -33.4343 -0.00400738
719 11.8849 41.6257 0.000768813
720 -3.35719 1.48876 -0.000127387
721 -1.86982 -30.9004 -0.00495613
722 6.87042 36.2414 -0.00142453
723 -2.63935 8.555 0.00239036
724 -6.2522 -25.3791 -0.00340917
725 2.95648 5.59518 -0.00245522
726 3.99888 40.8272 0.0012988
727 -5.82263 -23.4785 -0.00347565
728 -2.24624 -11.4533 -0.00371265
729 10.0648 40.7452 -0.0028221
730 -2.53055 -12.7828 0.00112541
731 -5.55443 -30.3736 -0.00440261
732 2.31374 14.3852 0.000835555
733 5.79444 34.1871 -0.000797069
734 -5.7655 -22.4691 0.000317582
735 -4.60052 0.252811 -0.00325484
736 8.28652 31.5325 -0.00381539
737 -21.0073 -42.9804 -0.00531675
738 -2.31852 -20.1886 -0.00392845
739 8.28223 29.8387 0.00207033
740 2.76307 4.35565 0.000692935
741 -10.9658 -34.679 -0.00178904
742 6.08167 20.1752 0.00168702
743 3.9507 3.61998 0.00417402
744 -10.121 -28.3504 -0.00671267
745 9.00759 32.4027 0.000152898
746 3.46963 3.52669 0.00317303
747 -8.77574 -28.4668 0.000621169
748 4.71175 24.5697 -0.00182984
749 4.75664 7.81118 0.00254974
750 -9.739 -28.5747 -0.000458998
751 15.2212 38.6577 0.00924544
752 10.2407 45.2314 0.00263772
753 1.69508 23.6194 0.00116318
754 1.51872 13.7949 0.00342654
755 -3.11782 2.15345 -0.0116831
756 -9.82684 -26.111 -0.00349638
757 -12.7607 -49.694 -0.0121065
758 -3.26572 -60.4554 0.000524908
759 -7.32155 -36.5251 -0.000760163
760 4.81133 20.0819 -0.0022604
761 23.1716 46.9866 0.00838038
762 3.86357 53.0434 0.00324515
763 2.59165 37.8478 0.00287806
764 -0.0435974 -0.443961 0.0025505
765 -13.9899 -32.4005 -0.000298632
766 -3.16035 -33.309 -0.0026121
767 -5.4267 -18.0226 0.00152585
768 -2.12865 -4.72038 -0.00257206
769 27.8939 43.99 0.0190491
770 2.4156 41.9921 -0.00243593
771 7.82163 15.2381 0.00157272
772 -3.65542 -8.47532 -0.00428505
773 -15.641 -43.4767 -0.0070225
774 -4.41198 -32.4094 0.00118708
775 -1.67975 0.289878 -0.00158026
776 14.1418 33.0703 0.00278206
777 3.2442 38.6638 0.00353448
778 7.75602 25.871 -0.00549458
779 0.832751 0.289683 0.000111565
780 -12.2708 -29.4645 -0.00297881
781 -2.84641 -38.3171 -0.0032688
782 -3.41027 -3.7815 -0.00103742
783 13.5204 34.9424 0.00207539
784 0.594045 36.1704 -0.00319169
785 2.42193 12.6774 -0.00492675
786 -5.70684 -22.8425 0.00253866
787 -10.0136 -18.0112 -0.00139399
788 -2.97445 -26.0097 -0.00103311
789 -0.646494 -4.36544 0.000699394
790 -0.646494 -4.36544 0.000699394
791 8.07151 24.7651 -0.00461639
792 1.04234 1.63286 -0.00275268
793 -13.9868 -37.2182 -0.00248263
794 1.26347 -31.023 -0.00132583
795 -8.70645 -25.1486 -0.00489809
796 15.6986 42.6999 -0.00178927
797 2.34164 40.4302 0.00309903
798 6.6633 14.3528 0.000868548
799 -1.82649 -4.09511 -0.00196276
800 -3.11439 -2.07846 -0.000236827
801 -1.51286 -1.16292 -0.000235415
802 -2.8756 -4.4727 -0.000962743
803 -1.53109 -0.785265 -9.40877e-05
804 1.23581 -0.183313 -0.000299989
805 1.44541 1.22281 0.000268419
806 0.0519466 1.91248 0.000115783
807 -0.36463 0.405465 -0.00017603
808 -0.38943 1.4565 -0.00138315
809 -0.404185 1.21004 -0.000694548
810 0.0975405 0.545078 -0.000783715
811 -0.110604 -0.769457 -0.000177938
812 -0.461914 -1.27168 0.000490684
813 -0.690812 -1.68379 0.000786036
814 -0.545852 -1.97484 0.00117551
815 -0.405369 -0.92593 0.000940831
816 -4.31448 -10.275 0.00309058
817 -10.6761 -28.754 -0.00421479
818 0.146267 -43.4441 0.000262174
819 -16.8962 -43.8536 -0.0177483
820 11.5047 38.6179 -0.0026973
821 9.12136 53.5625 0.00433083
822 7.4263 30.7727 0.00305445
823 2.28333 9.8592 -0.001238
824 8.95288 -23.3093 0.0257026
825 -12.9179 -30.8672 -0.000775848
826 0.18365 -22.953 -0.00150275
827 -6.45237 -24.0473 6.24703e-05
828 2.58139 13.3005 -0.000760142
829 13.5832 31.5628 0.00268868
830 1.43552 39.7142 0.000685597
831 7.68513 30.0245 0.000575118
832 0.414373 3.17345 -0.000798604
833 -9.83049 -27.0111 0.000392626
834 -10.1115 -19.5623 -0.00136435
835 -1.16721 -30.612 -0.00171078
836 -1.82363 -1.24143 -0.00171208
837 14.572 42.7632 0.00182543
838 4.06549 26.3937 0.0037777
839 10.5984 17.0354 0.00178737
840 -5.44321 -18.1993 0.000156371
841 -12.7602 -26.0933 -0.00261218
842 -5.51453 -11.842 -0.00146746
843 3.12839 -14.6685 0.00262576
844 4.77399 15.1664 0.00117524
845 10.0483 27.2213 0.00220961
846 5.41474 20.0284 -0.0031262
847 -5.53305 -15.3555 -0.00154122
848 -12.5162 -25.3328 -0.0031212
849 -1.36233 -18.6888 -0.00135901
850 0.28486 -6.33464 -0.000580915
851 2.94395 16.6012 -0.00118802
852 12.254 28.2044 0.00114047
853 2.17627 14.5112 0.00245712
854 -1.50835 -3.74064 -0.000904437
855 -1.68847 -2.44577 -0.000361419
856 0.585344 1.26105 -0.000416942
857 -0.271983 -0.762851 0.000184954
858 0.0365545 0.332756 -0.000262803
859 0.261498 0.493778 -3.93034e-05
860 0.0451608 -0.194828 0.00021065
861 -0.0272488 0.0913356 -0.000258009
862 -0.258309 -0.254056 0.000415738
863 0.300745 1.34355 -0.000141197
864 0.294594 0.729854 4.90712e-06
865 0.0334455 0.210007 0.000356021
866 -2.67753 -11.1217 0.00278591
867 -10.3391 -37.1003 -0.00352639
868 -1.64107 -44.9363 0.00191703
869 -9.71884 -37.6592 0.00392278
870 17.971 50.8724 -0.000759043
871 3.76962 59.9463 -0.00185175
872 0.683415 15.0522 5.22179e-05
873 -13.6027 -34.0678 0.000616229
874 -2.02161 -28.7745 -0.00209808
875 9.78482 30.3385 -0.00102907
876 3.57558 21.1107 0.0012123
877 -4.82642 -9.84577 -0.00119351
878 -8.54411 -26.7075 -0.00366232
879 2.149 -6.48032 -0.00144815
880 12.7857 29.2921 0.000645926
881 3.82968 11.8195 0.00134783
882 -7.82136 -26.2051 0.00568481
883 -3.44359 -19.5601 -0.00192894
884 9.91469 31.2016 0.000177697
885 -1.49647 20.8985 -3.56245e-05
886 -9.23763 -26.2072 0.000224566
887 -3.10633 -22.2056 -0.00271404
888 0.748819 13.6983 -0.00318978
889 12.1528 20.7915 0.00371963
890 -3.09419 -16.7236 0.00243116
891 -6.72144 -33.0262 0.00354983
892 3.5251 16.9079 0.00034811
893 10.6791 23.1468 0.000963014
894 -8.96787 -25.5782 0.000402906
895 -10.9975 -23.6165 -0.00530894
896 8.26002 27.2817 0.000677901
897 11.0152 32.1071 0.00251411
898 -6.17526 -16.2748 -0.00202936
899 0.736302 3.92394 -0.00136694
900 3.60903 2.91328 0.000845199
901 1.4329 0.124924 3.06257e-05
902 1.66877 2.76444 -0.000521387
903 1.30209 3.18686 -0.00144998
904 8.58843 4.78588 0.00245215
905 0.220462 1.37397 -0.000819321
906 -0.131818 1.46009 -0.000941733
907 -0.680255 1.31306 -0.00166608
908 -0.748862 0.479861 -0.000485655
909 -0.894313 0.389259 -0.000162469
910 -0.800717 0.381899 -0.000396803
911 -0.669884 -0.0037484 0.000158185
912 -1.11873 -0.509539 0.000497772
913 -0.769614 -0.636406 0.000440058
914 -0.389559 -0.0626183 -4.10288e-05
915 -0.45482 0.56377 -0.000509438
916 0.313148 0.299525 -0.000194316
917 0.596878 -0.101807 0.000461878
918 0.537046 0.256953 -8.67901e-05
919 0.165811 0.125634 -6.46054e-05
920 0.226181 0.2072 -0.00012365
921 0.249284 0.0317117 0.000100343
922 -0.0845496 -0.0139142 9.2244e-05
923 -0.0920494 -0.00280832 7.58676e-05
924 -0.192816 0.0886606 -0.000190972
925 -0.0145873 -0.03194 0.000131688
926 -0.319525 0.108982 -0.000235127
927 -0.066126 0.021336 7.20264e-05
928 -0.219379 0.0342224 -0.000109448
929 -0.0598381 -0.116749 0.000182749
930 -0.126647 0.168175 -0.000313028
931 -0.0631577 0.0471897 -0.00012319
932 -0.0962472 0.0601334 -0.000361903
933 -0.243937 0.179536 -0.00031777
934 0.0814006 -0.0916092 0.000147153
935 0.114859 -0.063897 0.000174845
936 0.131966 -0.143399 0.00017813
937 0.173144 -0.0914748 0.00010671
938 0.182589 -0.168488 0.000187038
939 -0.0134689 -0.0103322 -2.33393e-05
940 -0.00777292 0.0891497 -0.000105516
941 0.0299133 0.106238 -0.000591518
942 -0.279395 0.00394977 -0.000392389
943 -0.0468715 -0.000466684 6.58832e-05
944 -0.07975 -0.0396515 3.54339e-05
945 -0.165128 -0.0616169 2.73035e-05
946 -0.0839665 0.0791065 4.89717e-05
947 0.0288919 -0.0109404 -3.97188e-05
948 0.0412317 -0.0632208 0.000100644
949 -0.00577556 0.0607298 -0.000152941
950 0.0175459 0.00369996 -8.7263e-06
951 0.0364413 0.0492175 -2.22798e-05
952 -0.000949701 -0.0591961 -1.44288e-05
953 -0.0880567 0.0271357 -2.83421e-05
954 -0.0484835 -0.0229394 8.95007e-05
955 0.0123342 -0.0483491 0.000137979
956 -0.0176925 -0.0732982 0.000153407
957 -0.0738668 -0.00287009 -1.61946e-05
958 0.128345 -0.163197 0.000168307
959 0.151714 -0.0401377 0.000105809
960 0.313382 -0.159865 0.000353361
961 0.372087 -0.22431 0.000871342
962 0.285479 -0.79017 0.00169471
963 0.207467 -0.559192 0.00111884
964 0.432882 -0.942484 0.00160352
965 0.387344 -1.06372 0.0016132
966 0.164512 -0.554467 0.00123406
967 0.436336 -0.539537 0.00106446
968 0.347302 -0.616462 0.000918448
969 0.197224 -0.124629 0.000183346
970 0.00674676 0.21704 -0.000105554
971 -0.221786 0.492002 -0.000645787
972 0.0620289 0.323192 -0.000404662
973 -0.531927 0.36885 -0.000887129
974 -0.709304 0.205354 -0.00106391
975 -0.648568 0.313917 -0.00103208
976 -0.452726 0.687702 -0.000941437
977 -0.466482 0.558094 -0.000803641
978 -0.334824 0.188589 -0.000430618
979 -0.497405 -0.204729 -7.74125e-05
980 -0.302828 -0.316156 6.26431e-05
981 -0.22749 -0.0956578 -9.51927e-05
982 -0.0991936 0.0644794 -0.000150937
983 0.0330224 -0.0232303 -7.11585e-06
984 0.0746242 0.0332297 3.111e-05
985 0.0880108 0.170578 -2.21985e-05
986 -0.07247 0.170148 -0.000190357
987 0.00770427 -0.0176824 1.83521e-05
988 -0.000489665 -0.124399 0.000141789
989 -0.0668164 -0.0894981 9.10116e-05
990 -0.128493 -0.0321796 -0.000202314
991 -0.0133449 -0.0176829 -4.70163e-05
992 -0.0262161 0.000998391 -8.71121e-05
993 0.0702866 0.0553114 3.24073e-05
994 -0.075553 -0.0606635 -1.6659e-05
995 0.034385 0.0791965 -7.92343e-05
996 0.000356435 -0.231102 0.000407157
997 0.570055 -0.615669 0.00174015
998 0.890227 -1.09777 0.00103432
999 3.02067 -1.03091 0.00288755
1000 -0.639386 -1.80008 0.00146456
1001 -1.06487 -3.11491 0.00253523
1002 -1.54939 -3.89642 0.00300475
1003 -0.986895 -0.97316 0.00264988
1004 -5.4788 -23.0747 0.00292424
1005 -5.4788 -23.0747 0.00292424
1006 -13.8262 -83.7225 -0.00695695
1007 -13.8262 -83.7225 -0.00695695
1008 -13.8262 -83.7225 -0.00695695
1009 -1.69005 -47.5349 0.0217207
1010 -1.2245 -35.2842 -0.0127136
1011 -1.2245 -35.2842 -0.0127136
1012 -8.32092 46.9576 -0.0463031
1013 -8.32092 46.9576 -0.0463031
1014 -10.2604 -38.0177 -0.0163147
1015 -10.2604 -38.0177 -0.0163147
1016 9.00894 25.6929 0.00529055
1017 -1.9782 -4.88126 -0.00204665
1018 -2.45947 -3.29422 -0.000837322
1019 -0.0940606 -1.04115 0.000307772
1020 0.589568 -0.337698 0.000503649
1021 -0.461049 -1.63362 1.41323e-05
1022 -0.919665 -2.50421 -0.000490232
1023 -0.160389 0.0450021 6.14305e-05
1024 -0.0724178 -0.38066 -8.048e-05
1025 -0.446754 -0.671028 -4.60174e-05
1026 -0.13596 -0.223563 -0.000262599
1027 0.113121 -0.0634222 7.61914e-06
1028 0.0465682 0.0810063 0.000269385
1029 0.205549 0.466807 -0.000100128
1030 0.25476 0.96465 -5.46313e-05
1031 -0.0451563 -0.157936 -0.000134403
1032 0.254493 0.708112 -8.84775e-05
1033 0.148799 0.0610107 -6.89833e-05
1034 -0.0172078 0.0429149 -2.7364e-05
1035 0.0399534 0.0211698 -3.92921e-05
1036 0.115038 0.285911 1.68733e-05
1037 -0.0409647 0.048483 -4.28623e-05
1038 0.0618295 0.032252 4.31795e-05
1039 -0.000627779 0.0941802 -0.000234011
1040 0.062176 0.189809 -8.12723e-05
1041 0.0170772 -0.0561435 3.97912e-05
1042 0.0579356 0.133238 0.000118839
1043 0.284562 0.816819 -0.00012172
1044 0.35059 0.6862 -7.77889e-05
1045 -0.0118652 0.224999 -3.23144e-05
1046 0.180196 0.683303 -6.99587e-05
1047 0.324817 1.31036 -0.000138648
1048 0.691692 1.13551 4.80749e-05
1049 0.451774 0.884289 0.000125732
1050 0.958767 2.08342 0.000120991
1051 0.624193 1.43183 0.000404306
1052 0.64201 1.61839 0.000538263
1053 1.53309 7.5646 -0.000452036
1054 2.01282 26.9644 0.00471462
1055 3.07563 21.8511 0.00279267
1056 -4.98144 -11.5842 -0.00539963
1057 -7.7674 -17.1806 -0.00215121
1058 -7.97142 -22.0117 0.00166354
1059 10.4457 21.3598 0.0098799
1060 8.94734 14.9892 0.000408913
1061 -11.295 -26.5753 -0.00515261
1062 -5.9816 -3.51447 -0.000157389
1063 13.6127 28.9918 0.00183996
1064 2.10977 -1.36008 -0.002491
1065 -9.62323 -21.8585 -0.00131144
1066 -4.08396 -20.9703 0.000741566
1067 10.2864 34.7533 0.00370218
1068 4.47597 12.1577 -0.00101878
1069 -10.7324 -24.8848 -0.0033648
1070 -4.50433 -38.1797 -0.00338842
1071 4.08328 40.5138 4.51408e-05
1072 -3.18354 -0.0173105 -0.00524178
1073 -9.76457 -26.4513 -0.00532929
1074 -7.415 -23.0403 -0.00527962
1075 7.35291 30.8799 0.0023996
1076 16.663 39.3399 0.0213682
1077 -1.81624 -12.7782 -0.00403216
1078 1.8676 -49.1283 -0.00306661
1079 -4.56333 -7.6811 -0.00058054
1080 13.4999 38.9716 -0.000672133
1081 2.75207 20.4094 -0.000481536
1082 -8.50815 -51.77 -0.00124959
1083 0.935999 12.902 0.00273947
1084 11.8656 30.2425 0.0018849
1085 -2.19086 24.517 -0.00415771
1086 -12.2889 -42.3522 -0.00865443
1087 -2.10711 -50.0222 0.00244114
1088 0.433948 1.42971 0.000290202
1089 -0.232899 -11.1944 0.00399095
1090 -2.42688 -42.4168 0.00090563
1091 -5.76383 -40.55 -0.00271024
1092 0.0886993 4.24577 -0.000103533
1093 2.94219 6.45821 0.00107188
1094 1.73716 8.65718 -0.00362098
1095 11.4747 24.5851 -0.00117199
1096 5.68159 9.55767 0.000419114
1097 3.4211 10.8743 -0.000659573
1098 -1.06258 17.8667 -0.00179556
1099 -2.01685 15.7256 -0.00243224
1100 0.695779 5.51547 -0.000663495
1101 -0.58057 2.83539 -0.000685666
1102 -1.93637 -0.550514 -0.00115621
1103 0.0359879 0.475547 -0.000265143
1104 0.310278 0.348404 0.000612722
1105 -0.132071 -0.841217 0.00038785
1106 -1.47344 -1.63814 0.000276849
1107 -1.99818 -1.32457 -0.000229368
1108 -4.98464 -3.05552 -0.00183649
1109 -3.74464 -0.723972 -0.00126443
1110 -1.22665 0.595258 -0.00181566
1111 0.899909 0.974676 0.00124248
1112 -0.104424 -1.8733 0.00135497
1113 -2.84326 -2.79318 0.000690535
1114 -1.58443 -0.368755 -6.13991e-05
1115 -1.38003 -0.279429 -0.00133632
1116 -1.32932 -0.729756 -0.000514854
1117 -3.56227 -1.06477 -0.000652123
1118 -3.09175 1.616 -0.00299535
1119 0.161619 2.03756 -0.000268383
1120 1.22533 0.715075 0.00182555
1121 0.912484 1.05607 0.00182099
1122 -0.0639571 0.882597 0.000337756
1123 -0.839504 1.23545 -0.00121603
1124 0.109517 0.687257 -0.0001144
1125 1.63649 0.739727 0.00137021
1126 1.31348 -0.147593 0.000961097
1127 1.51939 1.10852 0.000379552
1128 1.68375 1.98862 0.000841969
1129 1.00393 2.7726 0.000421781
1130 0.36994 1.51944 0.000109613
1131 -0.351032 0.395339 -0.000173503
1132 -1.2171 -1.4658 -0.000664745
1133 -1.85603 -0.131169 0.000400927
1134 -1.1872 1.91582 0.00113212
1135 -1.28521 0.856498 0.00100135
1136 -1.03329 2.25524 -6.54137e-05
1137 0.455308 2.48203 -3.47336e-05
1138 0.379915 6.28184 0.00110419
1139 0.79299 6.76079 -0.000160847
1140 -0.186596 -3.8418 0.00152518
1141 2.82398 -5.9152 0.00361732
1142 3.89518 -5.10277 0.00497795
1143 2.91373 -5.90919 0.00571636
1144 5.41648 -5.46129 0.0074066
1145 7.14166 -2.50006 0.00816248
1146 4.61777 -2.23031 0.00419245
1147 2.18168 1.51839 0.0016472
1148 -0.297893 -1.36832 0.00223702
1149 5.32318 -5.17029 0.0100775
1150 -12.5209 5.04819 -0.0153569
1151 1.16891 1.5814 0.00166595
1152 -0.575086 -0.340281 0.00126654
1153 3.74343 -0.587551 -0.00536693
1154 14.8359 4.15283 -0.00366004
1155 5.99437 -0.400012 0.00361495
1156 6.04219 6.29061 0.00291571
1157 13.2721 8.55578 0.00494442
1158 1.41717 -2.39564 -0.00183257
1159 2.79877 -5.41087 0.00192093
1160 1.96637 -4.8288 0.00222873
1161 6.3454 8.04211 0.00175068
1162 3.39169 11.9022 -0.00295828
1163 1.3645 5.66746 0.0030569
1164 0.810707 4.89001 0.00217946
1165 0.275423 8.05354 -0.000759333
1166 0.637908 6.1807 0.00161703
1167 0.373696 4.0651 0.00256955
1168 1.8611 1.22292 0.00616503
1169 -22.7646 -2.12548 -0.0305947
1170 -6.93218 -44.2311 0.00463958
1171 -6.2111 56.7716 -0.0651646
1172 -6.2111 56.7716 -0.0651646
1173 -3.70401 18.6536 -0.00306649
1174 -3.70401 18.6536 -0.00306649
1175 -5.81193 6.34081 0.000463742
1176 -5.81193 6.34081 0.000463742
1177 19.7002 46.6617 0.00218227
1178 19.7002 46.6617 0.00218227
1179 -0.133566 -8.5809 0.00698875
1180 -2.5763 40.53 -0.0161113
1181 -12.0863 -40.3386 0.00382302
1182 -2.37264 -25.2609 -0.0104981
1183 6.39377 26.6252 -0.0030507
1184 5.14568 9.50039 0.0362112
1185 9.22831 26.4782 -0.00459874
1186 3.47907 1.85299 -0.000817143
1187 1.09673 1.1221 0.00217986
1188 2.00929 2.06759 0.00177416
1189 -0.516965 0.0761128 0.000884744
1190 -3.56346 -0.635685 -0.00266648
1191 -5.13842 -2.25294 -0.00144182
1192 -8.24235 -6.27721 -0.00025451
1193 -7.08634 -7.98532 0.00411651
1194 -6.51015 -7.9852 0.00617514
1195 -7.69421 -4.13532 -0.00152037
1196 -6.56354 -3.11916 -0.00185289
1197 -5.11622 -1.90681 -0.00245804
1198 -3.04452 -1.16458 -0.0013185
1199 -0.91565 -1.40331 0.00108998
1200 -0.243029 -4.78373 -0.00400838
1201 2.7808 6.32318 -0.00164194
1202 4.52901 2.23112 -0.00189653
1203 2.3052 10.329 0.00168301
1204 3.7758 11.3898 0.000743039
1205 -2.36402 -14.0824 -0.00148962
1206 -4.42057 -2.30982 0.000120706
1207 3.0071 21.9088 0.00133082
1208 -10.688 -6.40705 -0.0209882
1209 -8.51323 -23.2546 -0.00248899
1210 15.2906 22.6739 0.0157642
1211 9.13652 6.11281 -0.00137131
1212 -10.9688 -32.7047 0.00551722
1213 11.0652 32.7302 0.00549348
1214 1.12723 -22.7732 0.00585687
1215 -6.50324 -17.6275 -0.00520514
1216 13.9294 27.7102 0.00515438
1217 -5.80679 -29.0706 0.00406552
1218 0.388955 4.53802 0.00520349
1219 16.4263 27.4289 0.00692889
1220 -10.0954 -27.7525 -0.0016517
1221 4.6179 17.156 0.0062381
1222 -0.927331 -12.0035 0.00128472
1223 -7.0841 -5.36745 0.00159142
1224 7.5898 19.061 -0.0045712
1225 -3.76501 -13.9805 -0.00174871
1226 -1.17813 9.05709 0.00039348
1227 5.95031 11.9768 -0.00526165
1228 -4.77357 -7.69899 -0.00364993
1229 1.73371 5.30607 -0.00600434
1230 0.662001 0.97225 -0.00048491
1231 1.27586 -2.05953 -0.000705818
1232 3.59036 1.49929 -0.00141561
1233 1.99365 0.478747 0.000117734
1234 -0.169235 -1.84291 -0.000719262
1235 0.250859 -2.27311 3.89893e-05
1236 -0.544435 -0.697353 0.000509608
1237 -1.30949 -0.0626055 3.40162e-05
1238 -1.34149 -1.12486 -0.000106885
1239 -1.23397 -0.515975 5.15498e-05
1240 -1.15765 0.731714 -0.000318507
1241 -3.38704 -3.45104 -0.00388934
1242 -1.92499 -2.86657 0.00162912
1243 -11.9095 -15.6171 -0.00581675
1244 -2.55155 -19.553 -0.00192747
1245 8.46467 18.3169 0.00333571
1246 -1.26353 -21.8183 0.00318904
1247 -4.24711 -7.83955 0.00405711
1248 11.894 36.1753 -0.00497611
1249 -3.73155 -23.2431 -0.00325369
1250 -0.484048 18.3784 -0.00298815
1251 -1.66715 22.1527 -0.00904804
1252 -8.0597 -24.5138 -0.000711624
1253 15.424 40.9823 0.0039303
1254 -2.75764 -14.0075 -0.00277052
1255 2.35016 10.7468 -0.000312924
1256 0.156266 -0.911389 -0.00384765
1257 3.9928 -2.80497 -0.00283016
1258 3.69968 3.23311 -0.00302723
1259 1.5683 1.19784 -0.00153146
1260 0.912852 -2.50682 -0.00222812
1261 1.57872 -0.959849 -0.00246301
1262 1.09793 0.528376 -0.00290951
1263 -0.193574 -2.0489 -0.00220967
1264 0.111572 -2.23454 -0.00114284
1265 0.648015 0.720062 -0.00100993
1266 0.29718 -0.043253 0.000617389
1267 0.0397541 -1.29236 0.000740758
1268 0.185835 0.0351257 -0.000529975
1269 0.0829743 0.994751 2.75588e-05
1270 -0.165956 -0.188288 0.000356655
1271 -0.0635926 -0.120145 0.000164869
1272 -0.0774362 0.22618 6.19491e-05
1273 -0.141814 -0.0800833 0.000560005
1274 -0.26387 -0.651106 0.00077049
1275 -0.467407 -0.492607 -0.000516366
1276 -0.553376 -0.294418 0.000867564
1277 -0.390567 0.244136 -0.000235256
1278 -0.278329 -0.784601 0.00182012
1279 -0.123541 -0.884101 0.00256991
1280 -0.104046 0.0322363 0.0031591
1281 -1.49048 -0.0439726 -0.00635337
1282 -0.129737 -0.895063 0.000482083
1283 -0.624056 -0.60923 0.000872142
1284 -0.246156 -0.261098 0.00108033
1285 -0.230081 0.699424 -0.000197251
1286 0.125537 1.95159 0.0013189
1287 0.850456 1.20842 0.0070204
1288 5.04492 0.670132 0.0215373
1289 -0.101525 0.97457 0.00261917
1290 -0.678676 0.998828 0.00213044
1291 -0.447527 0.874533 0.00383668
1292 0.0560822 -0.198588 0.00136687
1293 0.101177 -0.39508 -0.00127867
1294 -0.15561 -0.536058 -0.00179817
1295 -0.349495 -0.122264 -0.00208554
1296 -0.181789 -0.0550271 -0.00270666
1297 3.45355 -9.67963 0.0118375
1298 -0.387192 0.0880911 -0.00200722
1299 -0.0350348 -0.321579 -0.00163177
1300 -0.000528342 -0.747071 -0.00124946
1301 -0.470677 -0.0583524 -0.000266073
1302 -0.338582 0.147833 0.00145945
1303 -0.73191 0.578544 0.00232434
1304 -0.686978 0.398251 -0.000488992
1305 -0.288927 -0.105823 -0.00267554
1306 -0.263098 -1.00238 -0.00259674
1307 -0.777342 -1.06406 -0.000144081
1308 -0.326852 -0.283124 0.000481662
1309 -0.124588 -0.930008 0.0017946
1310 -0.92018 -0.505417 -0.000747861
1311 -0.474235 -0.231898 -8.67079e-05
1312 -0.652869 -0.152127 -0.000534019
1313 -0.564061 -0.0314125 0.000133878
1314 -0.305622 0.0126807 0.00042127
1315 -0.357452 0.0053527 7.63769e-05
1316 -0.257606 0.129198 -0.00020311
1317 0.0871163 -0.364694 -0.000731214
1318 0.61498 -1.01063 -9.30269e-05
1319 0.463877 0.0575306 -0.000566002
1320 0.0843951 0.640917 0.000239381
1321 0.285943 0.523431 0.000746912
1322 0.827067 0.0379603 -0.000277065
1323 0.841767 -0.437106 -0.00272904
1324 0.430144 -0.447906 -0.00216391
1325 0.395114 0.0941143 0.000466995
1326 0.516605 0.356446 0.00112004
1327 0.726295 0.357789 0.000866347
1328 1.18661 0.0548582 0.000844719
1329 -0.100816 0.650808 -0.000477192
1330 0.214982 -0.0954315 -0.00081039
1331 -0.243687 -0.313652 0.00026327
1332 -1.6056 -0.148301 -0.00288602
1333 0.83834 -3.55721 0.00478105
1334 -1.29656 -6.23785 0.00634159
1335 -1.2007 -1.98571 -0.000768567
1336 -1.15473 -1.97292 0.00119456
1337 -0.669195 -0.935721 0.00183035
1338 -1.2192 -1.171 0.00286056
1339 -1.29219 -2.50594 0.00152471
1340 -1.58189 -5.43992 0.00281063
1341 -0.496558 -5.65938 0.0077368
1342 -0.42012 -2.78092 0.00305799
1343 -1.69972 -2.99851 0.00115103
1344 -1.79833 -1.61461 0.000496178
1345 -1.08597 -1.70365 0.00038731
1346 -0.438996 -0.292242 -0.00196287
1347 -0.465916 -0.199102 0.000440514
1348 0.097507 0.0366196 0.000459987
1349 0.0857863 -0.111747 0.000683104
1350 -0.108622 -0.466529 0.000378295
1351 -0.405815 -0.804758 0.000578137
1352 0.356942 0.599223 -6.23611e-05
1353 -0.381768 0.992452 -0.00163098
1354 0.947537 0.224555 0.000288444
1355 -0.386283 0.128347 0.000913863
1356 0.580902 1.22375 -0.00147601
1357 0.137676 0.0835607 0.000809825
1358 -0.167013 0.518059 0.00132342
1359 -0.415974 -0.602326 0.000680466
1360 0.976908 1.50353 -0.000342668
1361 -0.0148257 2.96918 -0.00291922
1362 -0.100625 0.727066 -2.07969e-05
1363 -0.284871 -0.46308 -0.00193485
1364 -0.228115 -1.81923 -0.000635044
1365 0.641276 -0.827427 3.26468e-05
1366 0.0142746 -0.617344 -0.000210774
1367 0.309496 0.578523 0.000296759
1368 -0.258418 1.16752 -0.000445888
1369 0.141269 0.10051 0.000880085
1370 -0.00198022 -0.0899231 0.00166833
1371 -0.131155 0.0349551 0.000548302
1372 0.0408714 -0.177778 -0.000808865
1373 -0.171952 0.260665 0.00112535
1374 -0.14392 0.0224192 -0.000547396
1375 -0.622829 -2.45251 0.00253991
1376 0.734807 1.38056 0.00022218
1377 -0.142033 0.960088 -7.39415e-06
1378 0.205814 -0.522259 0.00038078
1379 -0.140193 -0.868216 -0.0014632
1380 0.171444 -0.686877 0.000104997
1381 0.184926 -0.0305369 0.00112422
1382 0.19678 0.381739 0.000693522
1383 -0.00325532 0.669904 0.000184325
1384 -0.082643 0.146744 -0.000422164
1385 -0.143344 0.118334 -0.000211926
1386 -0.226721 0.283573 0.000374404
1387 -0.182441 0.138611 0.000402583
1388 -0.116331 0.20065 0.000350387
1389 -0.217275 -0.118154 -0.000408822
1390 -0.0896162 -0.312376 -7.07559e-06
1391 0.0613483 -0.292668 0.000782751
1392 0.1682 0.00817357 0.0005641
1393 0.0483255 0.455457 0.000401841
1394 0.430306 0.0177004 0.000730999
1395 -0.214446 -2.42391 0.0024741
1396 -0.00846536 -0.640288 -0.00127245
1397 -0.0415667 -0.970334 -0.00116245
1398 -0.160342 -0.249998 -0.000558135
1399 -0.111267 -0.017108 -0.000343327
1400 0.0996129 0.365367 0.000721881
1401 0.0135349 0.782643 0.000443803
1402 -0.0350972 0.523086 -6.53626e-05
1403 -0.0254842 0.624107 -0.000178553
1404 -0.0711167 0.346114 -3.17949e-05
1405 0.079489 0.0129748 0.000169787
1406 0.0394754 -0.116249 -7.79998e-05
1407 0.0774928 -0.207748 5.07778e-05
1408 -0.0751403 -0.0927735 -0.00026211
1409 0.674133 -0.255258 0.000781843
1410 0.301568 -0.153472 0.000264985
1411 0.134372 0.117576 0.0016548
1412 -0.362678 0.22825 0.000881955
1413 -0.185009 0.0951473 -0.000254929
1414 -0.383146 -0.110446 -0.00177375
1415 -0.352523 -0.459966 -0.00135691
1416 0.0686218 -0.247558 0.000608825
1417 -0.0663436 -0.275927 0.000635401
1418 0.0707391 0.282941 0.000625332
1419 0.345228 -0.00643164 0.000266027
1420 0.298612 0.185614 0.000319814
1421 0.543677 -0.337287 0.000366428
1422 0.0712642 -0.26495 0.000619517
1423 0.447634 -0.159066 0.000132636
1424 0.135577 -0.186362 0.000472329
1425 0.526618 0.497343 -0.000338934
1426 -0.0164625 -0.100259 -0.000187887
1427 -0.212079 -0.223021 -0.000402346
1428 0.0135092 0.319872 0.000111578
1429 -0.04826 0.927388 9.17757e-05
1430 -0.397617 0.165896 0.000595328
1431 -0.211649 0.829185 0.00244404
1432 -0.245364 1.89996 0.00158736
1433 -0.2508 -2.31363 -0.00211645
1434 0.604525 1.41935 -0.00380833
1435 1.40722 2.60537 -0.00138028
1436 1.14411 2.9166 0.000185343
1437 0.168105 2.80104 -0.00263179
1438 -0.486518 2.11953 -0.00503869
1439 -0.624562 2.56863 -0.00399118
1440 -0.426089 1.69933 -0.0011357
1441 -0.3383 0.965254 -0.00253588
1442 -1.47487 0.700574 -0.00377242
1443 -1.43551 1.62868 8.11618e-05
1444 -2.01917 -0.228589 0.000747405
1445 -2.69989 -2.04665 -0.00254633
1446 -1.69407 -1.12911 -0.00159037
1447 -1.79822 -1.62674 -0.00165564
1448 -0.110626 -1.13736 0.00231366
1449 -0.282536 1.41232 0.00234203
1450 -0.403317 0.417536 -0.00101802
1451 -0.79217 0.0908402 -0.000582869
1452 -0.287469 0.0608793 -0.00119525
1453 -0.037406 -0.516183 -0.00192715
1454 -0.21719 -0.694854 -0.0011213
1455 0.162798 -0.833681 -0.000547222
1456 0.0344145 -0.600377 0.000828075
1457 1.25495 0.167524 0.00515792
1458 2.41449 3.9015 0.000565248
1459 -0.672685 -1.14553 0.00100697
1460 -1.99461 -1.06755 0.00187513
1461 0.729554 5.38218 -0.000567201
1462 1.1497 0.888921 -0.000702292
1463 -1.60451 -2.30124 -0.000584465
1464 0.49925 1.2343 -8.30722e-05
1465 0.644475 -0.251096 1.12392e-05
1466 0.0485744 -0.299351 -0.000289411
1467 1.50558 4.08513 -0.000333418
1468 1.1743 0.0555925 -0.00022026
1469 0.405291 2.39598 -0.000250825
1470 1.1451 -1.06628 0.00550665
1471 4.24369 24.407 -0.0670226
1472 4.348 -15.3014 0.0101571
1473 -4.86514 -7.74948 0.00493995
1474 -3.38228 -9.72875 0.00272615
1475 -2.31456 1.68243 -0.00111019
1476 11.7044 36.987 -0.00396552
1477 3.55778 0.536692 -0.00231168
1478 -11.5726 -23.546 -0.00259997
1479 -6.04501 -2.03042 -0.000864771
1480 16.7195 37.7266 0.00138555
1481 -4.61262 -22.7095 -0.00488511
1482 5.89334 22.6333 0.0047749
1483 2.00559 -3.94653 -0.00237793
1484 -5.55463 -6.85145 0.000738939
1485 2.9531 -6.75799 0.00363029
1486 -2.34089 9.19886 -0.00963502
1487 7.00482 -6.91715 0.0318913
1488 -0.12615 1.36207 0.00314367
1489 -0.607826 -2.25503 0.00240545
1490 1.38048 3.44605 -0.000164936
1491 -0.391459 -1.27313 0.000675898
1492 0.397755 -2.2774 -0.00153376
1493 1.13806 0.116537 -7.37123e-05
1494 -1.00302 -0.205035 -0.00105169
1495 0.588947 -1.13711 -0.00134152
1496 -0.274319 -0.502697 -0.00116053
1497 0.129936 1.83669 0.000336933
1498 -0.736766 0.182097 0.00179505
1499 0.132596 0.231815 7.13078e-05
1500 -0.213214 0.599017 -0.0010757
1501 -0.37298 -0.368145 -0.00131353
1502 -0.228699 -1.24658 0.000399131
1503 0.740843 0.752215 -6.70738e-05
1504 -0.405625 0.48126 0.000522785
1505 -0.0568186 0.330797 0.00040018
1506 -0.327859 -1.43827 5.82187e-05
1507 0.233945 0.749956 -0.000349455
1508 -0.211076 -0.312505 -4.31319e-05
1509 -0.416624 0.486017 -0.000720869
1510 -0.362038 -0.875312 0.000177707
1511 0.146233 0.0953163 -0.000181044
1512 -0.136395 0.163727 -0.000289061
1513 0.106939 0.330134 -0.000454732
1514 -0.265334 -0.0683086 0.000132194
1515 -0.171527 -0.249365 0.000922089
1516 -0.130946 0.0578901 -0.000503029
1517 -0.0989218 -0.0806094 -0.00494301
1518 -0.281372 -0.2155 -0.0015038
1519 0.0476424 0.17885 0.00143662
1520 -0.00657722 0.218731 0.000936886
1521 0.0261457 0.124881 -0.000809891
1522 0.00465184 -0.0772537 -0.000812676
1523 0.235404 -0.0711049 0.0019813
1524 0.0924428 0.776181 -0.00091314
1525 0.176903 -0.19957 -0.00173063
1526 0.577738 -0.677488 -0.00124634
1527 0.375702 -1.58413 0.0023999
1528 0.647645 -1.33657 0.00149773
1529 24.4467 -0.961911 0.0208743
1530 0.0707674 -1.20362 -0.00372369
1531 -0.386668 -1.53771 -0.00469587
1532 0.048719 -0.807693 0.000798857
1533 0.677205 -0.527622 0.00518808
1534 0.377097 0.802591 0.000861421
1535 0.164322 2.12047 -0.00237274
1536 -0.137684 2.21889 0.00110513
1537 -0.0193709 0.811132 0.00473666
1538 -0.125802 1.46312 0.00193298
1539 -0.60643 -0.442032 -0.00241146
1540 -0.0826501 -0.337724 -0.0030653
1541 1.15966 0.269217 0.000599506
1542 5.37221 1.52468 0.0022907
1543 12.3878 -12.391 0.00296096
1544 20.7901 -54.1036 0.0268349
1545 -6.11579 -12.2911 -0.00824511
1546 -14.1257 44.387 -0.00909407
1547 -4.23293 49.2091 -0.00632132
1548 -4.23293 49.2091 -0.00632132
1549 -2.52955 -40.7572 -0.000451484
1550 -15.3443 55.1526 -0.00232147
1551 9.78988 25.8566 0.00343553
1552 25.5988 -55.1228 0.0196943
1553 -17.5698 6.7994 0.0179849
1554 35.206 46.9097 0.0132998
1555 5.98387 -0.611349 0.00180213
1556 8.61202 0.0768506 0.0102787
1557 13.3997 2.16702 0.0145526
1558 1.94725 0.00948367 0.0043271
1559 4.72475 -2.02047 0.00594774
1560 7.03392 5.18557 0.00772901
1561 1.52679 7.80636 -0.000282937
1562 -4.41394 -1.27419 -0.00555426
1563 -5.59353 -1.50547 -0.00824427
1564 -4.53299 2.99465 -0.00899611
1565 -0.886429 5.66751 -0.00357534
1566 -1.17554 3.60989 -0.00394731
1567 1.33918 2.60241 -0.000424049
1568 0.0189131 2.14568 -0.00133474
1569 -2.00822 -1.01418 -0.00253845
1570 -2.16278 -7.91751 0.00164788
1571 -0.835211 -1.03163 -6.871e-05
1572 -0.401833 0.449709 -0.000514495
1573 -3.3609 1.94261 -0.00553293
1574 -1.23213 -0.412626 -0.00146808
1575 -0.925801 2.289 -0.00362615
1576 -2.84002 1.12481 -0.00322578
1577 -1.95842 -0.905857 -0.00148274
1578 -1.74995 -0.378541 -0.00170438
1579 -1.14707 -0.695092 -0.00102483
1580 -0.432961 0.260694 -0.000587716
1581 -0.483349 1.67097 -0.00120847
1582 -0.449604 2.49858 -0.000997685
1583 1.13113 3.82425 0.000602539
1584 0.352102 5.4778 -0.00407756
1585 -0.00878549 2.46255 -0.000919411
1586 -1.17407 1.61467 -0.00362778
1587 -0.0731156 -4.56276 0.00845289
1588 0.807799 -5.95225 0.00943312
1589 1.6862 -5.19228 0.0072657
1590 2.08047 -3.70143 0.00553295
1591 2.59835 -1.88968 0.00438187
1592 4.48508 0.148677 0.00305466
1593 5.83715 0.265506 0.00322868
1594 -0.0914694 1.03217 1.15587e-05
1595 2.00492 0.333946 0.0013018
1596 1.59886 1.20168 0.000916542
1597 3.79727 -5.53604 0.00754183
1598 3.44536 0.807149 0.00439592
1599 1.64638 7.73056 -0.000171608
1600 -2.44244 3.58732 -0.00397582
1601 -5.5657 5.11531 -0.00940291
1602 -5.44584 5.10012 -0.00845577
1603 -2.77551 1.61994 -0.00375595
1604 -7.99432 4.35721 -0.0123749
1605 -6.45905 3.37797 -0.00883917
1606 -2.9649 0.647151 -0.0029134
1607 -0.0845483 -0.627832 0.000273498
1608 1.49841 -1.34444 0.00231831
1609 2.06704 -0.894502 0.00217949
1610 1.8481 0.0492003 0.00156338
1611 2.89126 -1.4319 0.00303779
1612 8.779 -5.40211 0.0140994
1613 -1.00142 4.45955 -0.00465492
1614 5.78993 -2.88897 0.00961374
1615 3.4722 -2.26027 0.00534693
1616 1.49919 0.112565 0.00242445
1617 -0.298214 -0.247067 -0.000262876
1618 -1.2993 -0.210841 -0.00143936
1619 -1.98442 0.0367908 -0.00202475
1620 -1.90356 1.43029 -0.00145509
1621 -4.49342 4.59051 -0.00455743
1622 -3.08024 0.608949 -0.00442774
1623 -2.32339 0.92709 -0.00213668
1624 -6.26676 3.28729 -0.00895603
1625 -0.978903 -0.626121 -0.00207255
1626 -0.539007 -1.84627 -0.00227553
1627 -2.33201 -3.03691 -0.00616197
1628 -2.01332 -4.05359 -0.00343181
1629 -1.20926 -3.16233 -0.00122116
1630 -2.75151 -5.55314 -0.00155551
1631 -6.04091 -10.6595 -0.00156659
1632 -2.24694 -2.99005 -0.00347549
1633 0.371498 -7.05648 0.004585
1634 -0.0729988 0.746738 -0.00316965
1635 0.0184672 -0.0630397 -0.00143971
1636 1.71683 3.30173 -0.00319252
1637 -2.12767 -0.93267 -0.000866667
1638 -1.76193 0.388016 -0.00111882
1639 -0.817411 3.48775 -0.00499785
1640 -1.23635 0.973647 -0.00232936
1641 -0.88328 0.677639 -0.0020699
1642 -0.302389 1.92309 -0.00295073
1643 -2.22088 2.48093 -0.00599062
1644 -1.14937 2.48125 -0.00620373
1645 -2.01418 2.46342 -0.00709301
1646 -1.45638 2.87321 -0.00465189
1647 -1.34848 0.684054 -0.00030073
1648 -2.72093 -1.69152 0.00165279
1649 -2.79237 -2.38235 0.000565149
1650 -4.02673 -5.78925 0.00216621
1651 -5.30577 -7.27719 0.00156699
1652 -0.567841 0.0793371 0.00253104
1653 0.860337 1.76717 0.00407296
1654 0.137467 1.03525 -0.000809266
1655 -0.487944 0.469967 -0.00355406
1656 -0.476704 6.69635 -0.0110858
1657 -1.21996 2.35948 -0.0040831
1658 -0.201239 3.7601 -0.00351065
1659 0.0284093 1.59082 0.000812702
1660 0.177694 0.7757 0.00117859
1661 0.468402 -0.0127123 0.00182866
1662 1.97596 -5.92747 0.00992691
1663 1.29399 -1.65677 0.00351507
1664 0.025089 -2.38454 0.00119339
1665 0.0385744 -4.19973 0.0015474
1666 0.454162 -3.8274 0.0049476
1667 7.77616 6.67809 0.0118057
1668 1.53282 6.08203 0.0039824
1669 1.25981 2.55637 0.0060431
1670 -1.0324 4.59253 -0.000500941
1671 -1.95348 5.01151 -0.000135379
1672 -0.816165 5.30473 0.00410679
1673 -1.98703 1.44953 -0.000158047
1674 -1.02172 -0.200538 0.0018632
1675 -2.95855 0.840295 0.000507499
1676 -0.469017 -0.315057 0.000441826
1677 0.635296 -0.750382 0.000332695
1678 1.57373 -0.294623 0.00122127
1679 1.00718 -0.758434 0.000841212
1680 1.55709 -1.11278 0.00105108
1681 2.34207 -2.31519 -0.0014806
1682 2.37017 -2.12916 -0.00194821
1683 8.0748 -18.6304 0.0253536
1684 1.74493 -3.13352 0.00230325
1685 2.60395 -1.64156 0.00279802
1686 1.69993 -1.4551 0.00191944
1687 1.34549 -0.842749 0.00174828
1688 1.52906 -2.23991 0.00481819
1689 0.776674 2.70442 0.00124724
1690 -0.511119 3.19748 -0.000694545
1691 0.711868 2.19115 -0.00268781
1692 0.432589 1.56881 -0.00242994
1693 0.0020464 0.851864 -0.00111703
1694 0.307815 0.495597 -0.000680275
1695 0.823781 0.423613 0.000339326
1696 0.496213 0.960964 0.000869963
1697 -0.000363398 0.539436 0.000998353
1698 -1.24277 -0.156403 -0.000783333
1699 -0.353445 0.425749 -0.00330991
1700 -0.352229 1.39161 -0.00264374
1701 -0.948328 2.33237 -0.000851596
1702 -0.727795 3.3442 0.00226607
1703 -1.67765 3.59343 -0.000149492
1704 2.31828 0.906038 0.022678
1705 -1.40907 1.30819 -0.000199895
1706 -0.829713 0.619954 -0.000590369
1707 0.911645 -0.231126 -0.00079167
1708 1.47723 -0.736397 -0.000558604
1709 0.794252 -0.274056 0.00292994
1710 0.655109 0.266274 0.00474542
1711 15.7577 -4.9538 0.0287504
1712 3.3493 -2.41562 -0.000376513
1713 2.44222 -2.14578 -0.000730268
1714 0.761523 -1.31347 -0.00126945
1715 0.180843 -1.36051 -0.00332786
1716 -0.271492 0.214578 -0.00224995
1717 -0.885172 2.60589 0.00252203
1718 -1.21722 2.13123 -0.000761979
1719 -1.52148 2.26403 -0.0038602
1720 -1.23765 1.47176 -0.00295996
1721 -0.833906 0.819361 -0.00134205
1722 -1.16642 0.548274 -0.00279852
1723 -0.537133 -0.0292219 -0.00273989
1724 0.520164 -0.296675 0.000850474
1725 1.86277 -1.1292 0.00371684
1726 1.39701 -0.521258 0.00168231
1727 0.456407 -0.711943 -0.00227871
1728 0.296811 -0.571238 -0.00278068
1729 -0.0767177 -0.274353 -0.0012714
1730 -0.272528 0.315778 -0.00114547
1731 -0.5593 0.53734 -0.00209889
1732 -0.227115 -0.572959 -0.0023109
1733 0.623768 -0.231347 0.00176025
1734 0.603676 0.392388 0.00442479
1735 -0.269971 0.410273 -6.48954e-05
1736 -0.0264889 -0.312775 -0.0019282
1737 0.0825926 -0.347172 -0.00031197
1738 0.118001 -0.479753 6.9776e-06
1739 -0.0926634 0.156043 -0.000328211
1740 -0.553585 0.761558 -0.00155498
1741 -0.761863 0.637449 -0.000823345
1742 -0.60395 0.784024 -0.000500087
1743 -0.196572 0.403187 0.00111683
1744 -0.340911 0.662206 0.00191974
1745 -0.238189 0.129528 -0.000172879
1746 0.0258906 -0.433557 -0.000427677
1747 0.439301 -0.187594 0.0019755
1748 -0.022264 -0.257236 0.000785741
1749 -0.598862 -0.123883 -0.00138414
1750 0.948336 -4.48396 0.00224644
1751 1.91077 -4.29481 0.00534124
1752 -1.04415 -6.5454 0.000493769
1753 2.22857 -3.40666 0.00631259
1754 -0.708255 -4.54386 0.00288218
1755 0.568434 -1.22759 -0.000644131
1756 0.292362 1.09418 -0.00173663
1757 0.396214 2.37251 -0.00163152
1758 0.169616 4.634 -0.00241761
1759 -3.66931 28.9806 -0.0350202
1760 0.297904 21.6384 -0.0169827
1761 -0.11855 1.5593 0.000945101
1762 -0.790899 2.48402 0.00220473
1763 -1.48093 -0.014288 0.00283975
1764 -2.45993 1.83028 0.000153078
1765 -1.68868 0.940491 -0.00109581
1766 -1.55804 -0.360081 0.00107303
1767 1.95223 0.290373 0.000217211
1768 2.88687 -0.0705819 -0.000895869
1769 2.63049 -0.59245 -0.000101858
1770 1.07658 -0.649957 -0.004275
1771 0.666445 -2.12779 -0.00196429
1772 1.09997 -6.06172 0.00595057
1773 0.482308 -0.496766 0.00128555
1774 0.460795 -0.105006 0.00170985
1775 0.323879 -0.405911 0.000962497
1776 -0.200589 -0.435494 -0.000609967
1777 -0.13983 -0.471831 -0.000152132
1778 -0.252982 0.526749 -0.00120823
1779 -0.322256 0.0882423 -0.0010002
1780 -0.274615 0.180916 -0.000366132
1781 -0.107165 0.324966 -0.00030187
1782 -0.588901 -0.350479 -0.00243815
1783 -0.759043 -0.461869 -0.00269485
1784 -0.685104 -0.136217 -0.00237189
1785 -0.539451 -0.156517 -0.00185916
1786 -0.797008 -0.236455 -0.00275016
1787 -0.354029 0.632955 -0.00152151
1788 -1.47657 -1.26768 -0.00499852
1789 -1.00531 0.625217 -0.00367805
1790 -0.299804 0.605298 -0.00114306
1791 -0.763737 0.424978 -0.00225357
1792 -0.11292 2.15599 -0.00108419
1793 -0.345755 1.56178 -0.00106372
1794 -0.378224 2.80382 -0.00115381
1795 -0.712843 1.94242 -0.00259989
1796 -1.29955 1.69125 -0.00295204
1797 -1.17577 1.7218 -0.00104124
1798 -0.894031 1.47515 6.98679e-05
1799 -1.02154 1.39572 -0.000777381
1800 -0.910846 0.989902 -0.00120449
1801 -0.457861 0.541781 8.06986e-05
1802 -0.636203 0.752466 0.00164645
1803 -0.580914 0.962306 0.00204883
1804 -1.59965 1.47063 0.00147214
1805 -1.12244 0.461197 0.000990353
1806 -1.13616 0.221275 0.00114029
1807 0.0414827 0.120323 0.000525363
1808 -0.259203 -0.492897 -0.00065354
1809 -0.803221 -0.519837 -0.00144273
1810 0.158671 -1.2438 -0.000465936
1811 -0.567269 -9.6739 0.00283511
1812 0.603088 -2.58689 -0.00176998
1813 -0.382503 -2.70556 0.000446293
1814 -1.37606 -1.51478 0.000482074
1815 -1.92717 -0.96119 -0.000925729
1816 -1.76008 -0.727109 -0.00188325
1817 -1.17682 -0.255935 -0.000960418
1818 -1.84234 0.207636 -0.00106536
1819 -2.01928 1.20049 0.000215864
1820 -3.00566 2.71814 -0.00161048
1821 -1.16199 1.02088 -0.00130329
1822 -3.19753 2.42026 -0.00248449
1823 -1.39781 1.39344 -0.000791245
1824 -0.816251 0.786882 -0.000109753
1825 -0.577576 1.70955 -0.000195829
1826 -1.11882 2.41239 -0.00016595
1827 -1.69799 1.41309 0.000914103
1828 -2.96348 4.13971 0.00445927
1829 -5.53398 21.6383 0.000929774
1830 -2.96281 26.9126 -0.00256657
1831 3.98106 35.3435 -0.00704347
1832 15.8626 39.0257 -0.0152063
1833 3.06203 6.56517 -0.00544714
1834 17.6488 -15.1167 -0.00183523
1835 13.9707 -35.1509 -0.000303298
1836 4.70961 -49.3649 0.00560867
1837 2.32008 -26.5479 0.0030889
1838 -6.09901 -34.7863 -0.000467887
1839 -6.65293 1.37804 0.00269573
1840 -4.60882 14.7206 0.00222989
1841 -0.664983 19.7624 0.0106021
1842 -4.35784 9.06184 0.000162898
1843 -1.79055 -1.35037 -0.0006172
1844 -1.5398 0.128731 0.00292077
1845 -1.30698 -2.54305 0.00244059
1846 -4.26094 -0.0162577 0.00257506
1847 -6.49683 -1.90072 0.000921622
1848 -7.68069 -0.534951 -0.00396762
1849 -3.66568 0.371166 -8.97768e-06
1850 -3.76307 0.0562161 -0.000762952
1851 -5.78313 1.14004 -0.00251499
1852 -2.05556 0.812154 -0.00119261
1853 -5.63334 -3.44625 -0.00188148
1854 -12.8695 -4.86957 -0.00237218
1855 -41.5565 -1.24572 -0.0342245
1856 -10.6009 -8.94908 0.00493474
1857 -26.5497 -17.7434 -0.00166476
1858 -8.69246 -7.34887 0.00348321
1859 -0.283743 2.98749 -0.001686
1860 8.26685 0.0258307 0.00506963
1861 23.5486 2.94437 0.00957506
1862 18.1853 2.91517 0.00780622
1863 20.5886 9.69862 -0.0274838
1864 60.5142 21.0467 0.0198413
1865 55.7484 9.25473 0.0324538
1866 10.3188 2.80836 -0.00151402
1867 41.1852 13.4466 0.0172407
1868 6.31028 -2.58563 0.00703324
1869 2.91486 0.472505 0.000574567
1870 1.31857 -0.304103 0.000406371
1871 0.992239 -0.376273 -0.000263656
1872 0.378437 -0.212782 0.000821347
1873 -0.303391 0.112791 0.00125686
1874 -0.811326 0.336464 0.000954545
1875 -0.637941 0.28663 0.00124772
1876 -0.487773 0.0161219 -0.000149571
1877 -0.147606 0.0478594 -0.000115877
1878 -0.287505 0.0780327 0.000149626
1879 -0.377132 0.144335 0.000278631
1880 -0.308862 0.153031 -5.76333e-05
1881 -0.554648 0.155459 -0.000855738
1882 -0.166004 0.0632393 0.000118613
1883 -0.135149 0.15191 8.16229e-05
1884 -0.132031 0.052825 -8.3266e-05
1885 -0.03355 0.063438 -7.69982e-05
1886 -0.0616204 -0.0773202 -0.000559322
1887 -0.377508 -0.12066 -0.00168437
1888 -0.648873 0.157072 -0.00287644
1889 -1.20614 0.25031 -0.00403671
1890 -1.08348 -0.221845 -0.00246555
1891 -1.50685 -0.61892 -0.00207908
1892 -1.91 -0.745252 -0.00162699
1893 -1.43218 -0.277801 -0.000380181
1894 -3.36092 -0.510987 0.00108811
1895 -3.9525 -0.481063 0.00261329
1896 -3.50158 -0.359674 0.00158898
1897 -2.75357 -0.600953 0.00165554
1898 -4.74801 -0.658224 0.00141582
1899 -5.01049 -1.23808 0.00184904
1900 -4.53425 -1.70698 0.00128396
1901 -4.41313 -1.69195 0.00136002
