1 0 0 0
2 0.0145003 0.0399973 -6.97701e-05
3 -0.0378249 -0.0757604 -0.000425937
4 0.0510434 0.159946 0.000364363
5 -0.160977 -0.0379432 -0.000419199
6 -0.0855307 -0.0105237 3.39963e-05
7 -0.194153 0.210218 -0.000131941
8 -0.126141 0.149057 -0.000578028
9 0.154918 0.473291 -0.000243228
10 0.0759489 0.352896 -0.000805522
11 0.309927 0.313579 -0.000105871
12 0.12239 0.1415 -0.00100343
13 0.189936 0.0389236 -0.000302039
14 0.291937 -0.456217 0.000485479
15 2.32051 -4.43448 0.0111628
16 8.75067 -15.8765 0.0257507
17 11.8512 -19.479 0.0235881
18 29.8704 -23.4445 0.0399767
19 28.6428 -18.0122 0.0314475
20 26.4114 -15.9891 0.026755
21 23.8311 -14.8191 0.024265
22 21.1651 -13.6289 0.0224596
23 18.5963 -12.1938 0.0199248
24 15.6189 -10.5273 0.0165956
25 14.3979 -9.83261 0.0152623
26 13.3434 -9.18857 0.0142246
27 11.7279 -7.92246 0.0122231
28 10.528 -6.93622 0.0107357
29 8.98212 -5.73166 0.00870432
30 7.75051 -4.74226 0.00718731
31 6.7229 -3.89405 0.00572145
32 5.73791 -3.18231 0.00445986
33 5.121 -2.56371 0.00393147
34 4.48601 -2.2692 0.00346338
35 3.83478 -1.92379 0.00279035
36 3.08623 -1.48589 0.00220024
37 2.34465 -1.21324 0.00174078
38 1.72711 -0.900047 0.00132891
39 1.55127 -0.801559 0.00107894
40 1.38007 -0.663958 0.00103399
41 1.2873 -0.666689 0.00107625
42 1.15181 -0.575643 0.00079919
43 1.19018 -0.530749 0.000713191
44 1.25275 -0.658176 0.000584293
45 1.183 -0.753552 0.000674868
46 0.817487 -0.581305 0.000191605
47 0.660145 -0.429517 4.91514e-05
48 0.612294 -0.489088 3.48254e-05
49 0.679256 -0.460132 -1.6174e-05
50 0.741135 -0.499585 0.000179985
51 0.74336 -0.446182 0.000316029
52 0.523468 -0.24711 0.000116215
53 0.289671 -0.110267 -0.000153837
54 0.296208 -0.150836 -5.79789e-06
55 0.393836 -0.24526 1.18749e-05
56 0.391283 -0.241799 0.000233088
57 0.387205 -0.196943 0.000200741
58 0.508172 -0.198222 0.000229285
59 0.541394 -0.240989 0.000204323
60 0.513664 -0.34281 0.000315388
61 0.45786 -0.327121 0.000343036
62 0.0416271 -0.195236 0.000101395
63 -0.0685797 0.0419631 -9.18449e-05
64 -0.122983 0.0708251 -0.000323156
65 -0.0175346 -0.209932 -0.000246977
66 -0.027049 -0.266107 -0.000404326
67 -0.00802383 -0.512531 -0.000181492
68 0.0509669 -0.566828 4.96969e-05
69 -0.138485 -0.351695 -0.000168034
70 -0.336604 -0.0404978 -0.00078824
71 -0.362687 -0.0672428 -0.000954356
72 -1.18348 0.537338 -0.0020137
73 -1.87413 1.12644 -0.00289981
74 -2.3466 1.61518 -0.0036726
75 -2.86941 2.15909 -0.00481504
76 -6.4077 4.29102 -0.00986897
77 -8.88826 6.8889 -0.0152172
78 -10.3209 7.86448 -0.0172997
79 -10.2793 8.31893 -0.0172923
80 -9.86863 8.27868 -0.0167821
81 -9.21252 7.72912 -0.0159456
82 -7.93598 6.86703 -0.0146255
83 -6.59938 5.85942 -0.0131273
84 -5.92648 5.25105 -0.0118172
85 -5.56201 5.21008 -0.0112529
86 -5.62181 5.29168 -0.0115055
87 -5.44377 5.16306 -0.0110447
88 -5.11071 5.00217 -0.0102149
89 -4.77524 4.52688 -0.00963799
90 -4.42947 4.33037 -0.00927581
91 -3.90516 4.16554 -0.00895297
92 -3.70267 3.84751 -0.00832387
93 -3.32004 3.34371 -0.00732041
94 -2.85805 2.9095 -0.00630709
95 -2.59081 2.64026 -0.00560592
96 -2.50884 2.45376 -0.00534166
97 -2.34309 2.15066 -0.00483706
