1 0.0602978 -0.0597913 0.000507314
2 0.0666503 0.0261966 0.00023529
3 -0.0137455 -0.226304 -0.00062912
4 0.249402 0.184773 0.000789954
5 -0.0276643 -0.0847207 -0.000396405
6 0.127106 -0.265523 0.000286722
7 -0.0964561 -0.0264768 0.000506468
8 -0.298726 -0.382691 -0.000211656
9 0.0348955 0.0761754 0.000593317
10 -0.252882 0.022971 -0.000574055
11 0.157359 0.181654 0.00090779
12 -0.137855 0.224076 -0.000915173
13 -0.451438 1.14726 -0.00225221
14 -3.05171 5.78366 -0.0135297
15 -7.87683 13.5595 -0.0172664
16 -6.1791 5.97634 -0.00189092
17 -20.8811 5.76003 -0.0195109
18 -1.34522 -3.87107 0.00592111
19 -0.0408768 -0.606117 0.00237135
20 0.598821 0.107945 0.000385828
21 0.955327 -0.0661144 -2.64225e-05
22 1.14029 -0.471283 0.00101722
23 1.67467 -0.776446 0.00194794
24 0.0295958 0.124523 6.54138e-05
25 0.0144319 0.0571937 -4.43284e-05
26 0.691509 -0.658806 0.00106273
27 0.415616 -0.487347 0.000729875
28 0.872346 -0.794083 0.00141068
29 0.65047 -0.653929 0.00102541
30 0.531973 -0.575219 0.00108096
31 0.54472 -0.491174 0.000923544
32 0.233063 -0.42457 0.000233222
33 0.309009 -0.13136 0.000231157
34 0.390366 -0.219244 0.000486574
35 0.550924 -0.335598 0.000443131
36 0.594352 -0.196003 0.000346904
37 0.485536 -0.245287 0.000319505
38 0.0581502 -0.0415623 0.000161132
39 0.0617655 -0.0810987 -4.53571e-05
40 -0.00613968 0.0517913 -0.000110049
41 0.0332751 -0.044729 0.000216872
42 -0.144822 0.0119348 3.5686e-05
43 -0.161143 0.190596 7.45445e-05
44 0.000998079 0.144047 -0.000105977
45 0.309417 -0.135181 0.00047918
46 0.10459 -0.110212 0.000139715
47 -0.0105258 0.0990683 1.43276e-05
48 -0.130087 0.0132015 3.48463e-05
49 -0.123693 0.0761095 -0.000221641
50 -0.0453118 -0.0332191 -0.000144226
51 0.195096 -0.189348 0.000211923
52 0.207889 -0.123354 0.000270313
53 -0.0400991 0.0614317 -0.000150517
54 -0.13102 0.114739 -3.734e-05
55 -0.0312769 0.013361 -0.000238506
56 -0.0394385 -0.0276232 1.29131e-05
57 -0.166874 0.0224852 -4.67042e-05
58 -0.0764005 0.0717974 -1.96573e-06
59 -0.00844246 0.128689 -0.000138569
60 0.0530182 -0.000642375 -3.48773e-05
61 0.422386 -0.135503 0.000250981
62 0.119984 -0.241316 0.000220338
63 0.055949 -0.0104679 0.000253282
64 -0.103293 0.305098 -4.33295e-05
65 0.00991141 0.10008 0.000171406
66 -0.0219924 0.293115 -0.000225275
67 -0.0458168 0.0821671 -0.000212591
68 0.218766 -0.211847 0.000286595
69 0.234894 -0.309844 0.000709103
70 0.131813 -0.0232613 0.000344073
71 0.984051 -0.7042 0.00131239
72 0.89603 -0.731577 0.00120952
73 0.741961 -0.688346 0.00121971
74 1.08604 -0.92739 0.00202008
75 4.30506 -2.72559 0.00636424
76 3.35931 -3.27087 0.00682173
77 2.30519 -1.68371 0.00355176
78 0.794064 -1.15556 0.00141592
79 0.364894 -0.611899 0.000838661
80 0.0106742 -0.0284069 0.000398715
81 -0.719008 0.367002 -0.000210834
82 -0.834127 0.560493 -0.000495087
83 -0.19876 0.16404 -0.000350041
84 0.113076 -0.40888 0.00041238
85 0.521156 -0.520115 0.00118767
86 0.254903 -0.294236 0.000405344
87 0.0711555 -0.223348 -1.1332e-05
88 0.038261 0.107668 0.000210761
89 -0.0146613 -0.155957 0.000395771
90 -0.211688 -0.159331 0.000379019
91 0.0771239 0.0362265 -1.26177e-05
92 -0.140988 0.257846 -0.000471002
93 -0.241913 0.210691 -0.000537783
94 -0.0546369 0.0623873 -0.000249694
95 0.117327 0.00534462 0.000145154
96 0.0297975 0.1461 -0.000126486
97 0.147878 0.150707 -2.05987e-05
